21132.486540518701 0 0.59999999999999998
21182.466708623288 86.568190527976824 0.59999999999999998
21232.446876727874 173.13638105595365 0.59999999999999998
21282.427044832461 259.70457158393043 0.59999999999999998
21332.407212937047 346.2727621119073 0.59999999999999998
21382.387381041633 432.84095263988411 0.59999999999999998
21432.36754914622 519.40914316786086 0.59999999999999998
21482.347717250803 605.97733369583773 0.59999999999999998
21532.327885355389 692.5455242238146 0.59999999999999998
21582.308053459976 779.11371475179146 0.59999999999999998
21632.288221564562 865.68190527976822 0.59999999999999998
21682.268389669149 952.25009580774508 0.59999999999999998
21732.248557773735 1038.8182863357217 0.59999999999999998
21782.228725878322 1125.3864768636988 0.59999999999999998
21832.208893982908 1211.9546673916755 0.59999999999999998
21882.189062087495 1298.5228579196523 0.59999999999999998
21932.169230192081 1385.0910484476292 0.59999999999999998
21982.149398296668 1471.6592389756061 0.59999999999999998
22032.129566401254 1558.2274295035829 0.59999999999999998
22082.109734505841 1644.7956200315596 0.59999999999999998
22132.089902610427 1731.3638105595364 0.59999999999999998
22182.070070715014 1817.9320010875133 0.59999999999999998
22232.050238819596 1904.5001916154902 0.59999999999999998
22282.030406924183 1991.0683821434668 0.59999999999999998
22332.010575028769 2077.6365726714434 0.59999999999999998
22381.990743133356 2164.2047631994205 0.59999999999999998
22431.970911237942 2250.7729537273976 0.59999999999999998
22481.951079342529 2337.3411442553743 0.59999999999999998
22531.931247447115 2423.9093347833509 0.59999999999999998
22581.911415551702 2510.4775253113276 0.59999999999999998
22631.891583656288 2597.0457158393046 0.59999999999999998
22681.871751760875 2683.6139063672817 0.59999999999999998
22731.851919865461 2770.1820968952584 0.59999999999999998
22781.832087970048 2856.750287423235 0.59999999999999998
22831.812256074634 2943.3184779512121 0.59999999999999998
22881.792424179221 3029.8866684791888 0.59999999999999998
22931.772592283804 3116.4548590071659 0.59999999999999998
22981.75276038839 3203.0230495351425 0.59999999999999998
23031.732928492976 3289.5912400631191 0.59999999999999998
23081.713096597563 3376.1594305910958 0.59999999999999998
23131.693264702149 3462.7276211190729 0.59999999999999998
23181.673432806736 3549.29581164705 0.59999999999999998
23231.653600911322 3635.8640021750266 0.59999999999999998
23281.633769015909 3722.4321927030028 0.59999999999999998
23331.613937120495 3809.0003832309803 0.59999999999999998
23381.594105225082 3895.568573758957 0.59999999999999998
23431.574273329668 3982.1367642869336 0.59999999999999998
23481.554441434255 4068.7049548149103 0.59999999999999998
23531.534609538841 4155.2731453428869 0.59999999999999998
23581.514777643424 4241.841335870864 0.59999999999999998
23631.494945748011 4328.4095263988411 0.59999999999999998
23681.475113852597 4414.9777169268182 0.59999999999999998
23731.455281957184 4501.5459074547953 0.59999999999999998
23781.43545006177 4588.1140979827715 0.59999999999999998
23831.415618166357 4674.6822885107485 0.59999999999999998
23881.395786270943 4761.2504790387247 0.59999999999999998
23931.37595437553 4847.8186695667018 0.59999999999999998
23981.356122480116 4934.3868600946789 0.59999999999999998
24031.336290584703 5020.9550506226551 0.59999999999999998
24081.316458689289 5107.5232411506331 0.59999999999999998
24131.296626793875 5194.0914316786093 0.59999999999999998
24181.276794898462 5280.6596222065864 0.59999999999999998
24231.256963003048 5367.2278127345635 0.59999999999999998
24281.237131107635 5453.7960032625397 0.59999999999999998
24331.217299212218 5540.3641937905168 0.59999999999999998
24381.197467316804 5626.932384318493 0.59999999999999998
24431.177635421391 5713.50057484647 0.59999999999999998
24481.157803525977 5800.0687653744471 0.59999999999999998
24531.137971630564 5886.6369559024242 0.59999999999999998
24581.11813973515 5973.2051464304013 0.59999999999999998
24631.098307839737 6059.7733369583775 0.59999999999999998
24681.078475944323 6146.3415274863537 0.59999999999999998
24731.05864404891 6232.9097180143317 0.59999999999999998
24781.038812153496 6319.4779085423079 0.59999999999999998
24831.018980258083 6406.046099070285 0.59999999999999998
24880.999148362669 6492.6142895982621 0.59999999999999998
24930.979316467256 6579.1824801262383 0.59999999999999998
24980.959484571838 6665.7506706542154 0.59999999999999998
25030.939652676425 6752.3188611821915 0.59999999999999998
25080.919820781011 6838.8870517101686 0.59999999999999998
25130.899988885598 6925.4552422381457 0.59999999999999998
25180.880156990184 7012.0234327661228 0.59999999999999998
25230.860325094771 7098.5916232940999 0.59999999999999998
25280.840493199357 7185.1598138220761 0.59999999999999998
25330.820661303944 7271.7280043500532 0.59999999999999998
25380.80082940853 7358.2961948780303 0.59999999999999998
25430.780997513117 7444.8643854060056 0.59999999999999998
25480.761165617703 7531.4325759339827 0.59999999999999998
25530.74133372229 7618.0007664619607 0.59999999999999998
25580.721501826876 7704.5689569899378 0.59999999999999998
25630.701669931463 7791.1371475179139 0.59999999999999998
25680.681838036049 7877.705338045891 0.59999999999999998
25730.662006140632 7964.2735285738672 0.59999999999999998
25780.642174245218 8050.8417191018452 0.59999999999999998
25830.622342349805 8137.4099096298205 0.59999999999999998
25880.602510454391 8223.9781001577976 0.59999999999999998
25930.582678558978 8310.5462906857738 0.59999999999999998
25980.562846663564 8397.1144812137518 0.59999999999999998
26030.543014768151 8483.682671741728 0.59999999999999998
26080.523182872737 8570.250862269706 0.59999999999999998
26130.503350977324 8656.8190527976822 0.59999999999999998
26180.48351908191 8743.3872433256583 0.59999999999999998
26230.463687186497 8829.9554338536364 0.59999999999999998
26280.443855291083 8916.5236243816125 0.59999999999999998
26330.42402339567 9003.0918149095905 0.59999999999999998
26380.404191500253 9089.6600054375649 0.59999999999999998
26430.384359604843 9176.2281959655429 0.59999999999999998
26480.364527709426 9262.7963864935209 0.59999999999999998
26530.344695814012 9349.3645770214971 0.59999999999999998
26580.324863918599 9435.9327675494733 0.59999999999999998
26630.305032023185 9522.5009580774495 0.59999999999999998
26680.285200127772 9609.0691486054275 0.59999999999999998
26730.265368232358 9695.6373391334037 0.59999999999999998
26780.245536336944 9782.2055296613817 0.59999999999999998
26830.225704441531 9868.7737201893578 0.59999999999999998
26880.205872546117 9955.3419107173358 0.59999999999999998
26930.186040650704 10041.91010124531 0.59999999999999998
26980.16620875529 10128.478291773286 0.59999999999999998
27030.146376859877 10215.046482301266 0.59999999999999998
27080.12654496446 10301.614672829241 0.59999999999999998
27130.106713069046 10388.182863357219 0.59999999999999998
27180.086881173633 10474.751053885195 0.59999999999999998
27230.067049278223 10561.319244413173 0.59999999999999998
27280.047217382806 10647.887434941149 0.59999999999999998
27330.027385487392 10734.455625469127 0.59999999999999998
27380.007553591979 10821.023815997103 0.59999999999999998
27429.987721696565 10907.592006525079 0.59999999999999998
27479.967889801152 10994.160197053056 0.59999999999999998
27529.948057905738 11080.728387581034 0.59999999999999998
27579.928226010325 11167.296578109012 0.59999999999999998
27629.908394114911 11253.864768636986 0.59999999999999998
27679.888562219498 11340.432959164964 0.59999999999999998
27729.868730324084 11427.00114969294 0.59999999999999998
27779.848898428671 11513.569340220918 0.59999999999999998
27829.829066533253 11600.137530748894 0.59999999999999998
27879.80923463784 11686.70572127687 0.59999999999999998
27929.789402742426 11773.273911804848 0.59999999999999998
27979.769570847013 11859.842102332825 0.59999999999999998
28029.749738951599 11946.410292860803 0.59999999999999998
28079.729907056186 12032.978483388779 0.59999999999999998
28129.710075160772 12119.546673916755 0.59999999999999998
28179.690243265359 12206.114864444731 0.59999999999999998
28229.670411369945 12292.683054972707 0.59999999999999998
28279.650579474532 12379.251245500685 0.59999999999999998
28329.630747579118 12465.819436028663 0.59999999999999998
28379.610915683705 12552.38762655664 0.59999999999999998
28429.591083788291 12638.955817084616 0.59999999999999998
28479.571251892874 12725.524007612592 0.59999999999999998
28529.551419997464 12812.09219814057 0.59999999999999998
28579.531588102047 12898.660388668546 0.59999999999999998
28629.511756206633 12985.228579196524 0.59999999999999998
28679.49192431122 13071.7967697245 0.59999999999999998
28729.472092415806 13158.364960252477 0.59999999999999998
28779.452260520393 13244.933150780453 0.59999999999999998
28829.432428624979 13331.501341308431 0.59999999999999998
28879.412596729566 13418.069531836409 0.59999999999999998
28929.392764834152 13504.637722364383 0.59999999999999998
28979.372932938739 13591.205912892361 0.59999999999999998
29029.353101043325 13677.774103420337 0.59999999999999998
29079.333269147912 13764.342293948317 0.59999999999999998
29129.313437252498 13850.910484476291 0.59999999999999998
29179.293605357081 13937.478675004268 0.59999999999999998
29229.273773461671 14024.046865532246 0.59999999999999998
29279.253941566254 14110.61505606022 0.59999999999999998
29329.234109670844 14197.1832465882 0.59999999999999998
29379.214277775427 14283.751437116174 0.59999999999999998
29429.194445880014 14370.319627644152 0.59999999999999998
29479.1746139846 14456.887818172128 0.59999999999999998
29529.154782089186 14543.456008700106 0.59999999999999998
29579.134950193773 14630.024199228083 0.59999999999999998
29629.115118298359 14716.592389756061 0.59999999999999998
29679.095286402946 14803.160580284039 0.59999999999999998
29729.075454507529 14889.728770812011 0.59999999999999998
29779.055622612119 14976.296961339989 0.59999999999999998
29829.035790716702 15062.865151867965 0.59999999999999998
29879.015958821292 15149.433342395945 0.59999999999999998
29928.996126925878 15236.001532923921 0.59999999999999998
29978.976295030461 15322.569723451898 0.59999999999999998
30028.956463135051 15409.137913979876 0.59999999999999998
30078.936631239634 15495.706104507852 0.59999999999999998
30128.916799344221 15582.274295035828 0.59999999999999998
30178.896967448807 15668.842485563804 0.59999999999999998
30228.877135553394 15755.410676091782 0.59999999999999998
30278.85730365798 15841.978866619758 0.59999999999999998
30328.837471762567 15928.547057147734 0.59999999999999998
30378.817639867153 16015.115247675714 0.59999999999999998
30428.79780797174 16101.68343820369 0.59999999999999998
30478.777976076326 16188.251628731665 0.59999999999999998
30528.758144180909 16274.819819259641 0.59999999999999998
30578.738312285499 16361.388009787619 0.59999999999999998
30628.718480390082 16447.956200315595 0.59999999999999998
30678.698648494668 16534.524390843573 0.59999999999999998
30728.678816599255 16621.092581371548 0.59999999999999998
30778.658984703845 16707.660771899529 0.59999999999999998
30828.639152808428 16794.228962427504 0.59999999999999998
30878.619320913014 16880.797152955478 0.59999999999999998
30928.599489017601 16967.365343483456 0.59999999999999998
30978.579657122187 17053.933534011434 0.59999999999999998
31028.559825226774 17140.501724539412 0.59999999999999998
31078.53999333136 17227.06991506739 0.59999999999999998
31128.520161435947 17313.638105595364 0.59999999999999998
31178.500329540533 17400.206296123342 0.59999999999999998
31228.48049764512 17486.774486651317 0.59999999999999998
31278.460665749706 17573.342677179295 0.59999999999999998
31328.440833854289 17659.910867707273 0.59999999999999998
31378.421001958875 17746.479058235247 0.59999999999999998
31428.401170063462 17833.047248763225 0.59999999999999998
31478.381338168052 17919.615439291203 0.59999999999999998
31528.361506272639 18006.183629819181 0.59999999999999998
31578.341674377221 18092.751820347155 0.59999999999999998
31628.321842481808 18179.32001087513 0.59999999999999998
31678.302010586394 18265.888201403111 0.59999999999999998
31728.282178690981 18352.456391931086 0.59999999999999998
31778.262346795567 18439.024582459064 0.59999999999999998
31828.242514900154 18525.592772987042 0.59999999999999998
31878.22268300474 18612.160963515016 0.59999999999999998
31928.202851109327 18698.729154042994 0.59999999999999998
31978.183019213913 18785.297344570969 0.59999999999999998
32028.163187318496 18871.865535098947 0.59999999999999998
32078.143355423083 18958.433725626925 0.59999999999999998
32128.123523527669 19045.001916154899 0.59999999999999998
32178.103691632259 19131.570106682881 0.59999999999999998
32228.083859736842 19218.138297210855 0.59999999999999998
32278.064027841428 19304.706487738833 0.59999999999999998
32328.044195946015 19391.274678266807 0.59999999999999998
32378.024364050601 19477.842868794785 0.59999999999999998
32428.004532155188 19564.411059322763 0.59999999999999998
32477.984700259774 19650.979249850738 0.59999999999999998
32527.964868364361 19737.547440378716 0.59999999999999998
32577.945036468947 19824.11563090669 0.59999999999999998
32627.925204573534 19910.683821434672 0.59999999999999998
32677.905372678117 19997.252011962646 0.59999999999999998
32727.885540782703 20083.82020249062 0.59999999999999998
32777.865708887293 20170.388393018598 0.59999999999999998
32827.84587699188 20256.956583546573 0.59999999999999998
32877.826045096466 20343.524774074554 0.59999999999999998
32927.806213201053 20430.092964602532 0.59999999999999998
32977.786381305639 20516.661155130507 0.59999999999999998
33027.766549410218 20603.229345658481 0.59999999999999998
33077.746717514812 20689.797536186459 0.59999999999999998
33127.726885619391 20776.365726714437 0.59999999999999998
33177.707053723978 20862.933917242415 0.59999999999999998
33227.687221828564 20949.50210777039 0.59999999999999998
33277.667389933151 21036.070298298368 0.59999999999999998
33327.647558037745 21122.638488826346 0.59999999999999998
33377.627726142324 21209.206679354324 0.59999999999999998
33427.60789424691 21295.774869882298 0.59999999999999998
33477.588062351497 21382.343060410272 0.59999999999999998
33527.568230456083 21468.911250938254 0.59999999999999998
33577.54839856067 21555.479441466228 0.59999999999999998
33627.528566665256 21642.047631994206 0.59999999999999998
33677.508734769843 21728.615822522184 0.59999999999999998
33727.488902874429 21815.184013050159 0.59999999999999998
33777.469070979016 21901.752203578137 0.59999999999999998
33827.449239083602 21988.320394106111 0.59999999999999998
33877.429407188189 22074.888584634089 0.59999999999999998
33927.409575292775 22161.456775162067 0.59999999999999998
33977.389743397362 22248.024965690041 0.59999999999999998
34027.369911501948 22334.593156218023 0.59999999999999998
34077.350079606535 22421.161346745997 0.59999999999999998
34127.330247711121 22507.729537273972 0.59999999999999998
34177.310415815708 22594.29772780195 0.59999999999999998
34227.290583920294 22680.865918329928 0.59999999999999998
34277.27075202488 22767.434108857906 0.59999999999999998
34327.250920129467 22854.00229938588 0.59999999999999998
34377.231088234053 22940.570489913858 0.59999999999999998
34427.21125633864 23027.138680441836 0.59999999999999998
34477.191424443219 23113.706870969811 0.59999999999999998
34527.171592547806 23200.275061497789 0.59999999999999998
34577.151760652392 23286.843252025763 0.59999999999999998
34627.131928756979 23373.411442553741 0.59999999999999998
34677.112096861565 23459.979633081719 0.59999999999999998
34727.092264966152 23546.547823609697 0.59999999999999998
34777.072433070738 23633.116014137675 0.59999999999999998
34827.052601175325 23719.684204665649 0.59999999999999998
34877.032769279911 23806.252395193624 0.59999999999999998
34927.012937384497 23892.820585721605 0.59999999999999998
34976.993105489084 23979.38877624958 0.59999999999999998
35026.97327359367 24065.956966777558 0.59999999999999998
35076.953441698257 24152.525157305532 0.59999999999999998
35126.933609802843 24239.09334783351 0.59999999999999998
35176.91377790743 24325.661538361488 0.59999999999999998
35226.893946012016 24412.229728889462 0.59999999999999998
35276.874114116603 24498.79791941744 0.59999999999999998
35326.854282221189 24585.366109945415 0.59999999999999998
35376.834450325776 24671.934300473393 0.59999999999999998
35426.814618430362 24758.502491001371 0.59999999999999998
35476.794786534949 24845.070681529349 0.59999999999999998
35526.774954639535 24931.638872057327 0.59999999999999998
35576.755122744114 25018.207062585298 0.59999999999999998
35626.735290848708 25104.775253113279 0.59999999999999998
35676.715458953295 25191.343443641254 0.59999999999999998
35726.695627057881 25277.911634169232 0.59999999999999998
35776.675795162468 25364.47982469721 0.59999999999999998
35826.655963267047 25451.048015225184 0.59999999999999998
35876.636131371641 25537.616205753166 0.59999999999999998
35926.616299476227 25624.18439628114 0.59999999999999998
35976.596467580806 25710.752586809114 0.59999999999999998
36026.576635685393 25797.320777337092 0.59999999999999998
36076.556803789979 25883.88896786507 0.59999999999999998
36126.536971894566 25970.457158393048 0.59999999999999998
36176.517139999152 26057.025348921023 0.59999999999999998
36226.497308103739 26143.593539449001 0.59999999999999998
36276.477476208325 26230.161729976979 0.59999999999999998
36326.457644312912 26316.729920504953 0.59999999999999998
36376.437812417498 26403.298111032931 0.59999999999999998
36426.417980522085 26489.866301560905 0.59999999999999998
36476.398148626671 26576.434492088883 0.59999999999999998
36526.378316731258 26663.002682616861 0.59999999999999998
36576.358484835844 26749.570873144839 0.59999999999999998
36626.338652940431 26836.139063672817 0.59999999999999998
36676.318821045017 26922.707254200788 0.59999999999999998
36726.298989149604 27009.275444728766 0.59999999999999998
36776.27915725419 27095.843635256748 0.59999999999999998
36826.259325358777 27182.411825784722 0.59999999999999998
36876.239493463363 27268.9800163127 0.59999999999999998
36926.21966156795 27355.548206840675 0.59999999999999998
36976.199829672536 27442.116397368653 0.59999999999999998
37026.179997777122 27528.684587896634 0.59999999999999998
37076.160165881709 27615.252778424605 0.59999999999999998
37126.140333986295 27701.820968952583 0.59999999999999998
37176.120502090875 27788.389159480557 0.59999999999999998
37226.100670195461 27874.957350008535 0.59999999999999998
37276.080838300055 27961.525540536517 0.59999999999999998
37326.061006404641 28048.093731064491 0.59999999999999998
37376.041174509228 28134.661921592469 0.59999999999999998
37426.021342613807 28221.23011212044 0.59999999999999998
37476.001510718394 28307.798302648422 0.59999999999999998
37525.981678822987 28394.3664931764 0.59999999999999998
37575.961846927574 28480.934683704378 0.59999999999999998
37625.942015032153 28567.502874232348 0.59999999999999998
37675.922183136739 28654.071064760326 0.59999999999999998
37725.902351241326 28740.639255288304 0.59999999999999998
37775.882519345912 28827.207445816279 0.59999999999999998
37825.862687450499 28913.775636344257 0.59999999999999998
37875.842855555085 29000.343826872235 0.59999999999999998
37925.823023659672 29086.912017400213 0.59999999999999998
37975.803191764258 29173.480207928191 0.59999999999999998
38025.783359868845 29260.048398456165 0.59999999999999998
38075.763527973431 29346.616588984143 0.59999999999999998
38125.743696078018 29433.184779512121 0.59999999999999998
38175.723864182604 29519.752970040096 0.59999999999999998
38225.704032287191 29606.321160568077 0.59999999999999998
38275.684200391777 29692.889351096052 0.59999999999999998
38325.664368496356 29779.457541624022 0.59999999999999998
38375.64453660095 29866.025732152004 0.59999999999999998
38425.624704705537 29952.593922679978 0.59999999999999998
38475.604872810123 30039.162113207956 0.59999999999999998
38525.585040914702 30125.730303735931 0.59999999999999998
38575.565209019289 30212.298494263909 0.59999999999999998
38625.545377123883 30298.86668479189 0.59999999999999998
38675.525545228469 30385.434875319865 0.59999999999999998
38725.505713333056 30472.003065847843 0.59999999999999998
38775.485881437635 30558.571256375817 0.59999999999999998
38825.466049542221 30645.139446903795 0.59999999999999998
38875.446217646815 30731.707637431777 0.59999999999999998
38925.426385751402 30818.275827959751 0.59999999999999998
38975.406553855988 30904.844018487729 0.59999999999999998
39025.386721960567 30991.412209015703 0.59999999999999998
39075.366890065154 31077.980399543678 0.59999999999999998
39125.34705816974 31164.548590071656 0.59999999999999998
39175.327226274327 31251.11678059963 0.59999999999999998
39225.307394378913 31337.684971127608 0.59999999999999998
39275.2875624835 31424.253161655583 0.59999999999999998
39325.267730588086 31510.821352183564 0.59999999999999998
39375.247898692673 31597.389542711542 0.59999999999999998
39425.228066797259 31683.957733239517 0.59999999999999998
39475.208234901846 31770.525923767495 0.59999999999999998
39525.188403006432 31857.094114295469 0.59999999999999998
39575.168571111019 31943.662304823451 0.59999999999999998
39625.148739215605 32030.230495351429 0.59999999999999998
39675.128907320192 32116.798685879403 0.59999999999999998
39725.109075424778 32203.366876407381 0.59999999999999998
39775.089243529364 32289.935066935355 0.59999999999999998
39825.069411633951 32376.50325746333 0.59999999999999998
39875.049579738537 32463.071447991308 0.59999999999999998
39925.029747843117 32549.639638519282 0.59999999999999998
39975.009915947703 32636.20782904726 0.59999999999999998
40024.990084052297 32722.776019575238 0.59999999999999998
40074.970252156876 32809.344210103212 0.59999999999999998
40124.950420261463 32895.91240063119 0.59999999999999998
40174.930588366056 32982.480591159176 0.59999999999999998
40224.910756470636 33069.048781687146 0.59999999999999998
40274.890924575229 33155.616972215124 0.59999999999999998
40324.871092679808 33242.185162743095 0.59999999999999998
40374.851260784395 33328.75335327108 0.59999999999999998
40424.831428888989 33415.321543799058 0.59999999999999998
40474.811596993568 33501.889734327029 0.59999999999999998
40524.791765098154 33588.457924855007 0.59999999999999998
40574.771933202741 33675.026115382985 0.59999999999999998
40624.752101307327 33761.594305910956 0.59999999999999998
40674.732269411914 33848.162496438941 0.59999999999999998
40724.7124375165 33934.730686966912 0.59999999999999998
40774.692605621087 34021.29887749489 0.59999999999999998
40824.672773725673 34107.867068022868 0.59999999999999998
40874.65294183026 34194.435258550846 0.59999999999999998
40924.633109934846 34281.003449078824 0.59999999999999998
40974.613278039433 34367.571639606795 0.59999999999999998
41024.593446144019 34454.13983013478 0.59999999999999998
41074.573614248606 34540.708020662758 0.59999999999999998
41124.553782353192 34627.276211190729 0.59999999999999998
41174.533950457779 34713.844401718714 0.59999999999999998
41224.514118562365 34800.412592246685 0.59999999999999998
41274.494286666944 34886.980782774655 0.59999999999999998
41324.474454771538 34973.548973302633 0.59999999999999998
41374.454622876117 35060.117163830611 0.59999999999999998
41424.434790980711 35146.685354358589 0.59999999999999998
41474.41495908529 35233.25354488656 0.59999999999999998
41524.395127189877 35319.821735414545 0.59999999999999998
41574.375295294471 35406.389925942523 0.59999999999999998
41624.35546339905 35492.958116470494 0.59999999999999998
41674.335631503644 35579.526306998472 0.59999999999999998
41724.315799608223 35666.09449752645 0.59999999999999998
41774.295967712809 35752.662688054428 0.59999999999999998
41824.276135817403 35839.230878582406 0.59999999999999998
41874.256303921982 35925.799069110384 0.59999999999999998
41924.236472026576 36012.367259638362 0.59999999999999998
41974.216640131155 36098.935450166333 0.59999999999999998
42024.196808235742 36185.503640694311 0.59999999999999998
42074.176976340328 36272.071831222289 0.59999999999999998
42124.157144444915 36358.64002175026 0.59999999999999998
42174.137312549501 36445.208212278238 0.59999999999999998
42224.117480654088 36531.776402806223 0.59999999999999998
42274.097648758674 36618.344593334194 0.59999999999999998
42324.077816863261 36704.912783862172 0.59999999999999998
42374.057984967847 36791.48097439015 0.59999999999999998
42424.038153072433 36878.049164918128 0.59999999999999998
42474.01832117702 36964.617355446106 0.59999999999999998
42523.998489281606 37051.185545974084 0.59999999999999998
42573.978657386193 37137.753736502062 0.59999999999999998
42623.958825490779 37224.321927030032 0.59999999999999998
42673.938993595366 37310.89011755801 0.59999999999999998
42723.919161699952 37397.458308085988 0.59999999999999998
42773.899329804532 37484.026498613959 0.59999999999999998
42823.879497909125 37570.594689141937 0.59999999999999998
42873.859666013705 37657.162879669915 0.59999999999999998
42923.839834118291 37743.731070197893 0.59999999999999998
42973.820002222885 37830.299260725871 0.59999999999999998
43023.800170327464 37916.867451253849 0.59999999999999998
43073.780338432058 38003.435641781827 0.59999999999999998
43123.760506536637 38090.003832309798 0.59999999999999998
43173.740674641223 38176.572022837776 0.59999999999999998
43223.720842745817 38263.140213365761 0.59999999999999998
43273.701010850396 38349.708403893732 0.59999999999999998
43323.681178954983 38436.27659442171 0.59999999999999998
43373.661347059569 38522.844784949688 0.59999999999999998
43423.641515164156 38609.412975477666 0.59999999999999998
43473.621683268742 38695.981166005637 0.59999999999999998
43523.601851373329 38782.549356533615 0.59999999999999998
43573.582019477915 38869.117547061593 0.59999999999999998
43623.562187582502 38955.685737589571 0.59999999999999998
43673.542355687088 39042.253928117541 0.59999999999999998
43723.522523791675 39128.822118645527 0.59999999999999998
43773.502691896261 39215.390309173497 0.59999999999999998
43823.482860000848 39301.958499701475 0.59999999999999998
43873.463028105434 39388.526690229461 0.59999999999999998
43923.443196210021 39475.094880757431 0.59999999999999998
43973.423364314607 39561.663071285409 0.59999999999999998
44023.403532419194 39648.23126181338 0.59999999999999998
44073.38370052378 39734.799452341365 0.59999999999999998
44123.363868628367 39821.367642869343 0.59999999999999998
44173.344036732946 39907.935833397307 0.59999999999999998
44223.324204837532 39994.504023925292 0.59999999999999998
44273.304372942119 40081.072214453263 0.59999999999999998
44323.284541046705 40167.640404981241 0.59999999999999998
44373.264709151299 40254.208595509226 0.59999999999999998
44423.244877255878 40340.776786037197 0.59999999999999998
44473.225045360465 40427.344976565175 0.59999999999999998
44523.205213465051 40513.913167093146 0.59999999999999998
44573.185381569638 40600.481357621131 0.59999999999999998
44623.165549674231 40687.049548149109 0.59999999999999998
44673.145717778811 40773.61773867708 0.59999999999999998
44723.125885883397 40860.185929205065 0.59999999999999998
44773.106053987984 40946.754119733036 0.59999999999999998
44823.08622209257 41033.322310261014 0.59999999999999998
44873.066390197164 41119.890500788999 0.59999999999999998
44923.046558301743 41206.458691316962 0.59999999999999998
44973.02672640633 41293.02688184494 0.59999999999999998
45023.006894510916 41379.595072372918 0.59999999999999998
45072.987062615503 41466.163262900896 0.59999999999999998
45122.967230720089 41552.731453428874 0.59999999999999998
45172.947398824675 41639.299643956845 0.59999999999999998
45222.927566929262 41725.86783448483 0.59999999999999998
45272.907735033848 41812.436025012808 0.59999999999999998
45322.887903138435 41899.004215540779 0.59999999999999998
45372.868071243021 41985.572406068764 0.59999999999999998
45422.848239347608 42072.140596596735 0.59999999999999998
45472.828407452194 42158.708787124713 0.59999999999999998
45522.808575556781 42245.276977652691 0.59999999999999998
45572.788743661367 42331.845168180669 0.59999999999999998
45622.768911765954 42418.413358708647 0.59999999999999998
45672.74907987054 42504.981549236618 0.59999999999999998
45722.72924797512 42591.549739764596 0.59999999999999998
45772.709416079713 42678.117930292574 0.59999999999999998
45822.689584184292 42764.686120820545 0.59999999999999998
45872.669752288879 42851.25431134853 0.59999999999999998
45922.649920393473 42937.822501876508 0.59999999999999998
45972.630088498052 43024.390692404479 0.59999999999999998
46022.610256602646 43110.958882932457 0.59999999999999998
46072.590424707225 43197.527073460435 0.59999999999999998
46122.570592811811 43284.095263988413 0.59999999999999998
46172.550760916405 43370.663454516391 0.59999999999999998
46222.530929020984 43457.231645044369 0.59999999999999998
46272.511097125571 43543.799835572347 0.59999999999999998
46322.491265230157 43630.368026100317 0.59999999999999998
46372.471433334744 43716.936216628288 0.59999999999999998
46422.45160143933 43803.504407156273 0.59999999999999998
46472.431769543917 43890.072597684244 0.59999999999999998
46522.411937648503 43976.640788212222 0.59999999999999998
46572.39210575309 44063.2089787402 0.59999999999999998
46622.372273857676 44149.777169268178 0.59999999999999998
46672.352441962263 44236.345359796156 0.59999999999999998
46722.332610066849 44322.913550324134 0.59999999999999998
46772.312778171436 44409.481740852112 0.59999999999999998
46822.292946276022 44496.049931380083 0.59999999999999998
46872.273114380609 44582.618121908061 0.59999999999999998
46922.253282485195 44669.186312436046 0.59999999999999998
46972.233450589782 44755.754502964017 0.59999999999999998
47022.213618694368 44842.322693491995 0.59999999999999998
47072.193786798955 44928.890884019973 0.59999999999999998
47122.173954903534 45015.459074547944 0.59999999999999998
47172.15412300812 45102.027265075922 0.59999999999999998
47222.134291112707 45188.5954556039 0.59999999999999998
47272.114459217293 45275.163646131878 0.59999999999999998
47322.094627321887 45361.731836659856 0.59999999999999998
47372.074795426466 45448.300027187826 0.59999999999999998
47422.054963531053 45534.868217715812 0.59999999999999998
47472.035131635639 45621.436408243782 0.59999999999999998
47522.015299740226 45708.00459877176 0.59999999999999998
47571.995467844819 45794.572789299746 0.59999999999999998
47621.975635949399 45881.140979827716 0.59999999999999998
47671.955804053985 45967.709170355694 0.59999999999999998
47721.935972158572 46054.277360883672 0.59999999999999998
47771.916140263158 46140.84555141165 0.59999999999999998
47821.896308367744 46227.413741939621 0.59999999999999998
47871.876476472331 46313.981932467592 0.59999999999999998
47921.856644576917 46400.550122995577 0.59999999999999998
47971.836812681504 46487.118313523548 0.59999999999999998
48021.81698078609 46573.686504051526 0.59999999999999998
48071.797148890677 46660.254694579511 0.59999999999999998
48121.777316995263 46746.822885107482 0.59999999999999998
48171.75748509985 46833.39107563546 0.59999999999999998
48221.737653204436 46919.959266163438 0.59999999999999998
48271.717821309023 47006.527456691416 0.59999999999999998
48321.697989413609 47093.095647219394 0.59999999999999998
48371.678157518196 47179.663837747365 0.59999999999999998
48421.658325622782 47266.23202827535 0.59999999999999998
48471.638493727369 47352.800218803321 0.59999999999999998
48521.618661831955 47439.368409331299 0.59999999999999998
48571.598829936534 47525.936599859277 0.59999999999999998
48621.578998041121 47612.504790387247 0.59999999999999998
48671.559166145707 47699.072980915225 0.59999999999999998
48721.539334250301 47785.641171443211 0.59999999999999998
48771.51950235488 47872.209361971181 0.59999999999999998
48821.499670459467 47958.777552499159 0.59999999999999998
48871.479838564053 48045.34574302713 0.59999999999999998
48921.46000666864 48131.913933555115 0.59999999999999998
48971.440174773234 48218.482124083093 0.59999999999999998
49021.420342877813 48305.050314611064 0.59999999999999998
49071.400510982399 48391.618505139049 0.59999999999999998
49121.380679086986 48478.18669566702 0.59999999999999998
49171.360847191572 48564.754886194998 0.59999999999999998
49221.341015296166 48651.323076722976 0.59999999999999998
49271.321183400745 48737.891267250954 0.59999999999999998
49321.301351505332 48824.459457778925 0.59999999999999998
49371.281519609918 48911.027648306903 0.59999999999999998
49421.261687714505 48997.595838834881 0.59999999999999998
49471.241855819091 49084.164029362859 0.59999999999999998
49521.222023923678 49170.73221989083 0.59999999999999998
49571.202192028264 49257.300410418815 0.59999999999999998
49621.182360132843 49343.868600946786 0.59999999999999998
49671.162528237437 49430.436791474764 0.59999999999999998
49721.142696342024 49517.004982002742 0.59999999999999998
49771.12286444661 49603.57317253072 0.59999999999999998
49821.103032551197 49690.141363058698 0.59999999999999998
49871.083200655776 49776.709553586668 0.59999999999999998
49921.063368760369 49863.277744114654 0.59999999999999998
49971.043536864956 49949.845934642632 0.59999999999999998
50021.023704969535 50036.414125170595 0.59999999999999998
50071.003873074122 50122.98231569858 0.59999999999999998
50120.984041178708 50209.550506226558 0.59999999999999998
50170.964209283295 50296.118696754529 0.59999999999999998
50220.944377387881 50382.686887282507 0.59999999999999998
50270.924545492468 50469.255077810485 0.59999999999999998
50320.904713597054 50555.823268338463 0.59999999999999998
50370.884881701641 50642.391458866441 0.59999999999999998
50420.865049806227 50728.959649394419 0.59999999999999998
50470.845217910814 50815.527839922397 0.59999999999999998
50520.8253860154 50902.096030450368 0.59999999999999998
50570.805554119986 50988.664220978353 0.59999999999999998
50620.785722224573 51075.232411506331 0.59999999999999998
50670.765890329159 51161.800602034302 0.59999999999999998
50720.746058433746 51248.36879256228 0.59999999999999998
50770.726226538332 51334.936983090258 0.59999999999999998
50820.706394642919 51421.505173618229 0.59999999999999998
50870.686562747505 51508.073364146207 0.59999999999999998
50920.666730852092 51594.641554674185 0.59999999999999998
50970.646898956678 51681.209745202163 0.59999999999999998
51020.627067061265 51767.777935730141 0.59999999999999998
51070.607235165851 51854.346126258119 0.59999999999999998
51120.587403270438 51940.914316786097 0.59999999999999998
51170.567571375024 52027.482507314067 0.59999999999999998
51220.547739479611 52114.050697842045 0.59999999999999998
51270.527907584197 52200.618888370031 0.59999999999999998
51320.508075688784 52287.187078898001 0.59999999999999998
51370.48824379337 52373.755269425979 0.59999999999999998
51420.468411897957 52460.323459953957 0.59999999999999998
51470.448580002543 52546.891650481935 0.59999999999999998
51520.428748107122 52633.459841009906 0.59999999999999998
51570.408916211709 52720.028031537877 0.59999999999999998
51620.389084316295 52806.596222065862 0.59999999999999998
51670.369252420882 52893.164412593833 0.59999999999999998
51720.349420525468 52979.732603121811 0.59999999999999998
51770.329588630055 53066.300793649796 0.59999999999999998
51820.309756734641 53152.868984177767 0.59999999999999998
51870.289924839228 53239.437174705745 0.59999999999999998
51920.270092943814 53326.005365233723 0.59999999999999998
51970.250261048401 53412.573555761701 0.59999999999999998
52020.230429152987 53499.141746289679 0.59999999999999998
52070.210597257574 53585.70993681765 0.59999999999999998
52120.19076536216 53672.278127345635 0.59999999999999998
52170.170933466747 53758.846317873606 0.59999999999999998
52220.151101571333 53845.414508401576 0.59999999999999998
52270.13126967592 53931.982698929562 0.59999999999999998
52320.111437780499 54018.550889457532 0.59999999999999998
52370.091605885093 54105.11907998551 0.59999999999999998
52420.071773989679 54191.687270513496 0.59999999999999998
52470.051942094266 54278.255461041466 0.59999999999999998
52520.032110198852 54364.823651569444 0.59999999999999998
52570.012278303431 54451.391842097415 0.59999999999999998
52619.992446408025 54537.9600326254 0.59999999999999998
52669.972614512611 54624.528223153378 0.59999999999999998
52719.952782617198 54711.096413681349 0.59999999999999998
52769.932950721784 54797.664604209334 0.59999999999999998
52819.913118826364 54884.232794737305 0.59999999999999998
52869.893286930957 54970.800985265283 0.59999999999999998
52919.873455035544 55057.369175793268 0.59999999999999998
52969.853623140123 55143.937366321232 0.59999999999999998
53019.83379124471 55230.50555684921 0.59999999999999998
53069.813959349296 55317.073747377181 0.59999999999999998
53119.794127453883 55403.641937905166 0.59999999999999998
53169.774295558469 55490.210128433144 0.59999999999999998
53219.754463663056 55576.778318961115 0.59999999999999998
53269.734631767642 55663.3465094891 0.59999999999999998
53319.714799872228 55749.914700017071 0.59999999999999998
53369.694967976815 55836.482890545049 0.59999999999999998
53419.675136081401 55923.051081073034 0.59999999999999998
53469.655304185988 56009.619271601005 0.59999999999999998
53519.635472290574 56096.187462128983 0.59999999999999998
53569.615640395161 56182.755652656953 0.59999999999999998
53619.595808499747 56269.323843184939 0.59999999999999998
53669.575976604334 56355.892033712909 0.59999999999999998
53719.556144708913 56442.46022424088 0.59999999999999998
53769.536312813507 56529.028414768865 0.59999999999999998
53819.516480918093 56615.596605296843 0.59999999999999998
53869.49664902268 56702.164795824814 0.59999999999999998
53919.476817127266 56788.732986352799 0.59999999999999998
53969.456985231853 56875.301176880777 0.59999999999999998
54019.437153336439 56961.869367408755 0.59999999999999998
54069.417321441018 57048.437557936719 0.59999999999999998
54119.397489545605 57135.005748464697 0.59999999999999998
54169.377657650191 57221.573938992675 0.59999999999999998
54219.357825754778 57308.142129520653 0.59999999999999998
54269.337993859364 57394.710320048631 0.59999999999999998
54319.318161963951 57481.278510576609 0.59999999999999998
54369.298330068537 57567.84670110458 0.59999999999999998
54419.278498173124 57654.414891632558 0.59999999999999998
54469.25866627771 57740.983082160543 0.59999999999999998
54519.238834382297 57827.551272688514 0.59999999999999998
54569.219002486883 57914.119463216492 0.59999999999999998
54619.19917059147 58000.68765374447 0.59999999999999998
54669.179338696056 58087.255844272448 0.59999999999999998
54719.159506800643 58173.824034800426 0.59999999999999998
54769.139674905229 58260.392225328404 0.59999999999999998
54819.119843009816 58346.960415856382 0.59999999999999998
54869.100011114402 58433.528606384352 0.59999999999999998
54919.080179218989 58520.09679691233 0.59999999999999998
54969.060347323575 58606.664987440308 0.59999999999999998
55019.040515428162 58693.233177968286 0.59999999999999998
55069.020683532748 58779.801368496264 0.59999999999999998
55119.000851637335 58866.369559024242 0.59999999999999998
55168.981019741921 58952.93774955222 0.59999999999999998
55218.961187846508 59039.505940080191 0.59999999999999998
55268.941355951094 59126.074130608176 0.59999999999999998
55318.92152405568 59212.642321136154 0.59999999999999998
55368.901692160267 59299.210511664125 0.59999999999999998
55418.881860264853 59385.778702192103 0.59999999999999998
55468.86202836944 59472.346892720081 0.59999999999999998
55518.842196474019 59558.915083248045 0.59999999999999998
55568.822364578606 59645.483273776023 0.59999999999999998
55618.802532683192 59732.051464304008 0.59999999999999998
55668.782700787779 59818.619654831979 0.59999999999999998
55718.762868892365 59905.187845359957 0.59999999999999998
55768.743036996952 59991.756035887935 0.59999999999999998
55818.723205101538 60078.324226415913 0.59999999999999998
55868.703373206125 60164.892416943891 0.59999999999999998
55918.683541310711 60251.460607471861 0.59999999999999998
55968.663709415297 60338.028797999847 0.59999999999999998
56018.643877519884 60424.596988527817 0.59999999999999998
56068.62404562447 60511.165179055795 0.59999999999999998
56118.604213729057 60597.733369583781 0.59999999999999998
56168.584381833643 60684.301560111751 0.59999999999999998
56218.56454993823 60770.869750639729 0.59999999999999998
56268.544718042816 60857.437941167707 0.59999999999999998
56318.524886147403 60944.006131695685 0.59999999999999998
56368.505054251989 61030.574322223663 0.59999999999999998
56418.485222356576 61117.142512751634 0.59999999999999998
56468.465390461162 61203.710703279619 0.59999999999999998
56518.445558565749 61290.27889380759 0.59999999999999998
56568.425726670335 61376.847084335568 0.59999999999999998
56618.405894774922 61463.415274863553 0.59999999999999998
56668.386062879508 61549.983465391524 0.59999999999999998
56718.366230984095 61636.551655919502 0.59999999999999998
56768.346399088681 61723.119846447473 0.59999999999999998
56818.326567193268 61809.688036975458 0.59999999999999998
56868.306735297854 61896.256227503436 0.59999999999999998
56918.286903402441 61982.824418031407 0.59999999999999998
56968.26707150702 62069.392608559378 0.59999999999999998
57018.247239611606 62155.960799087356 0.59999999999999998
57068.227407716193 62242.528989615326 0.59999999999999998
57118.207575820779 62329.097180143312 0.59999999999999998
57168.187743925366 62415.665370671282 0.59999999999999998
57218.167912029952 62502.23356119926 0.59999999999999998
57268.148080134539 62588.801751727238 0.59999999999999998
57318.128248239125 62675.369942255216 0.59999999999999998
57368.108416343712 62761.938132783194 0.59999999999999998
57418.088584448298 62848.506323311165 0.59999999999999998
57468.068752552885 62935.07451383915 0.59999999999999998
57518.048920657471 63021.642704367128 0.59999999999999998
57568.029088762058 63108.210894895099 0.59999999999999998
57618.009256866644 63194.779085423084 0.59999999999999998
57667.989424971231 63281.347275951055 0.59999999999999998
57717.969593075817 63367.915466479033 0.59999999999999998
57767.949761180404 63454.483657007011 0.59999999999999998
57817.92992928499 63541.051847534989 0.59999999999999998
57867.910097389577 63627.620038062967 0.59999999999999998
57917.890265494163 63714.188228590938 0.59999999999999998
57967.87043359875 63800.756419118923 0.59999999999999998
58017.850601703336 63887.324609646901 0.59999999999999998
58067.830769807922 63973.892800174872 0.59999999999999998
58117.810937912509 64060.460990702857 0.59999999999999998
58167.791106017095 64147.029181230828 0.59999999999999998
58217.771274121682 64233.597371758806 0.59999999999999998
58267.751442226268 64320.165562286784 0.59999999999999998
58317.731610330855 64406.733752814762 0.59999999999999998
58367.711778435441 64493.30194334274 0.59999999999999998
58417.691946540028 64579.870133870711 0.59999999999999998
58467.672114644607 64666.438324398681 0.59999999999999998
58517.652282749194 64753.006514926659 0.59999999999999998
58567.63245085378 64839.57470545463 0.59999999999999998
58617.612618958367 64926.142895982615 0.59999999999999998
58667.592787062953 65012.711086510593 0.59999999999999998
58717.572955167539 65099.279277038564 0.59999999999999998
58767.553123272126 65185.847467566542 0.59999999999999998
58817.533291376712 65272.41565809452 0.59999999999999998
58867.513459481299 65358.983848622498 0.59999999999999998
58917.513459481299 65445.586389000942 0.59999999999999998
58967.513459481299 65532.188929379387 0.59999999999999998
59017.513459481299 65618.791469757824 0.59999999999999998
59067.513459481299 65705.394010136268 0.59999999999999998
59117.513459481299 65791.996550514712 0.59999999999999998
59167.513459481299 65878.599090893156 0.59999999999999998
59217.513459481299 65965.2016312716 0.59999999999999998
59267.513459481299 66051.804171650045 0.59999999999999998
59317.513459481299 66138.406712028489 0.59999999999999998
59367.513459481299 66225.009252406933 0.59999999999999998
59417.513459481299 66311.611792785377 0.59999999999999998
59467.513459481299 66398.214333163822 0.59999999999999998
59517.513459481299 66484.816873542266 0.59999999999999998
59567.513459481299 66571.41941392071 0.59999999999999998
59617.513459481299 66658.021954299154 0.59999999999999998
59667.513459481299 66744.624494677599 0.59999999999999998
59717.513459481299 66831.227035056043 0.59999999999999998
59767.513459481299 66917.829575434487 0.59999999999999998
59817.513459481299 67004.432115812931 0.59999999999999998
59867.513459481299 67091.034656191376 0.59999999999999998
59917.513459481299 67177.63719656982 0.59999999999999998
59967.513459481299 67264.239736948264 0.59999999999999998
60017.513459481299 67350.842277326708 0.59999999999999998
60067.513459481299 67437.444817705153 0.59999999999999998
60117.513459481299 67524.047358083597 0.59999999999999998
60167.513459481299 67610.649898462041 0.59999999999999998
60217.513459481299 67697.252438840485 0.59999999999999998
60267.513459481299 67783.85497921893 0.59999999999999998
60317.513459481299 67870.457519597374 0.59999999999999998
60367.513459481299 67957.060059975804 0.59999999999999998
60417.513459481299 68043.662600354248 0.59999999999999998
60467.513459481299 68130.265140732692 0.59999999999999998
60517.513459481299 68216.867681111136 0.59999999999999998
60567.513459481299 68303.470221489581 0.59999999999999998
60617.513459481299 68390.072761868025 0.59999999999999998
60667.513459481299 68476.675302246469 0.59999999999999998
60717.513459481299 68563.277842624913 0.59999999999999998
60767.513459481299 68649.880383003358 0.59999999999999998
60817.513459481299 68736.482923381802 0.59999999999999998
60867.513459481299 68823.085463760246 0.59999999999999998
60917.513459481299 68909.68800413869 0.59999999999999998
60967.513459481299 68996.290544517135 0.59999999999999998
61017.513459481299 69082.893084895579 0.59999999999999998
61067.513459481299 69169.495625274023 0.59999999999999998
61117.513459481299 69256.098165652467 0.59999999999999998
61167.513459481299 69342.700706030912 0.59999999999999998
61217.513459481299 69429.303246409356 0.59999999999999998
61267.513459481299 69515.9057867878 0.59999999999999998
61317.513459481299 69602.508327166244 0.59999999999999998
61367.513459481299 69689.110867544689 0.59999999999999998
61417.513459481299 69775.713407923133 0.59999999999999998
61467.513459481299 69862.315948301577 0.59999999999999998
61517.513459481299 69948.918488680021 0.59999999999999998
61567.513459481299 70035.521029058466 0.59999999999999998
61617.513459481299 70122.12356943691 0.59999999999999998
61667.513459481299 70208.726109815354 0.59999999999999998
61717.513459481299 70295.328650193798 0.59999999999999998
61767.513459481299 70381.931190572242 0.59999999999999998
61817.513459481299 70468.533730950672 0.59999999999999998
61867.513459481299 70555.136271329116 0.59999999999999998
61917.513459481299 70641.738811707561 0.59999999999999998
61967.513459481299 70728.341352086005 0.59999999999999998
62017.513459481299 70814.943892464449 0.59999999999999998
62067.513459481299 70901.546432842893 0.59999999999999998
62117.513459481299 70988.148973221338 0.59999999999999998
62167.513459481299 71074.751513599782 0.59999999999999998
62217.513459481299 71161.354053978226 0.59999999999999998
62267.513459481299 71247.95659435667 0.59999999999999998
62317.513459481299 71334.559134735115 0.59999999999999998
62367.513459481299 71421.161675113559 0.59999999999999998
62417.513459481299 71507.764215492003 0.59999999999999998
62467.513459481299 71594.366755870447 0.59999999999999998
62517.513459481299 71680.969296248892 0.59999999999999998
62567.513459481299 71767.571836627336 0.59999999999999998
62617.513459481299 71854.17437700578 0.59999999999999998
62667.513459481299 71940.776917384224 0.59999999999999998
62717.513459481299 72027.379457762669 0.59999999999999998
62767.513459481299 72113.981998141113 0.59999999999999998
62817.513459481299 72200.584538519557 0.59999999999999998
62867.513459481299 72287.187078898001 0.59999999999999998
62917.513459481299 72373.789619276446 0.59999999999999998
62967.513459481299 72460.39215965489 0.59999999999999998
63017.513459481299 72546.994700033334 0.59999999999999998
63067.513459481299 72633.597240411778 0.59999999999999998
63117.513459481299 72720.199780790223 0.59999999999999998
63167.513459481299 72806.802321168667 0.59999999999999998
63217.513459481299 72893.404861547111 0.59999999999999998
63267.513459481299 72980.007401925555 0.59999999999999998
63317.513459481299 73066.609942304 0.59999999999999998
63367.513459481299 73153.212482682444 0.59999999999999998
63417.513459481299 73239.815023060888 0.59999999999999998
63467.513459481299 73326.417563439318 0.59999999999999998
63517.513459481299 73413.020103817762 0.59999999999999998
63567.513459481299 73499.622644196206 0.59999999999999998
63617.513459481299 73586.22518457465 0.59999999999999998
63667.513459481299 73672.827724953095 0.59999999999999998
63717.513459481299 73759.430265331539 0.59999999999999998
63767.513459481299 73846.032805709983 0.59999999999999998
63817.513459481299 73932.635346088427 0.59999999999999998
63867.513459481299 74019.237886466872 0.59999999999999998
63917.513459481299 74105.840426845316 0.59999999999999998
63967.513459481299 74192.44296722376 0.59999999999999998
64017.513459481299 74279.045507602204 0.59999999999999998
64067.513459481299 74365.648047980649 0.59999999999999998
64117.513459481299 74452.250588359093 0.59999999999999998
64167.513459481299 74538.853128737537 0.59999999999999998
64217.513459481299 74625.455669115981 0.59999999999999998
64267.513459481299 74712.058209494426 0.59999999999999998
64317.513459481299 74798.66074987287 0.59999999999999998
64367.513459481299 74885.263290251314 0.59999999999999998
64417.513459481299 74971.865830629758 0.59999999999999998
64467.513459481299 75058.468371008203 0.59999999999999998
64517.513459481299 75145.070911386647 0.59999999999999998
64567.513459481299 75231.673451765091 0.59999999999999998
64617.513459481299 75318.275992143535 0.59999999999999998
64667.513459481299 75404.87853252198 0.59999999999999998
64717.513459481299 75491.481072900424 0.59999999999999998
64767.513459481299 75578.083613278854 0.59999999999999998
64817.513459481299 75664.686153657298 0.59999999999999998
64867.513459481299 75751.288694035742 0.59999999999999998
64917.513459481299 75837.891234414186 0.59999999999999998
64967.513459481299 75924.493774792631 0.59999999999999998
65017.513459481299 76011.096315171075 0.59999999999999998
65067.513459481299 76097.698855549519 0.59999999999999998
65117.513459481299 76184.301395927963 0.59999999999999998
65167.513459481299 76270.903936306408 0.59999999999999998
65217.513459481299 76357.506476684852 0.59999999999999998
65267.513459481299 76444.109017063296 0.59999999999999998
65317.513459481299 76530.71155744174 0.59999999999999998
65367.513459481299 76617.314097820185 0.59999999999999998
65417.513459481299 76703.916638198629 0.59999999999999998
65467.513459481299 76790.519178577073 0.59999999999999998
65517.513459481299 76877.121718955517 0.59999999999999998
65567.513459481299 76963.724259333962 0.59999999999999998
65617.513459481299 77050.326799712406 0.59999999999999998
65667.513459481299 77136.92934009085 0.59999999999999998
65717.513459481299 77223.531880469294 0.59999999999999998
65767.513459481299 77310.134420847739 0.59999999999999998
65817.513459481299 77396.736961226183 0.59999999999999998
65867.513459481299 77483.339501604627 0.59999999999999998
65917.513459481299 77569.942041983071 0.59999999999999998
65967.513459481299 77656.544582361515 0.59999999999999998
66017.513459481299 77743.14712273996 0.59999999999999998
66067.513459481299 77829.749663118404 0.59999999999999998
66117.513459481299 77916.352203496848 0.59999999999999998
66167.513459481299 78002.954743875292 0.59999999999999998
66217.513459481299 78089.557284253737 0.59999999999999998
66267.513459481299 78176.159824632166 0.59999999999999998
66317.513459481299 78262.762365010611 0.59999999999999998
66367.513459481299 78349.364905389055 0.59999999999999998
66417.513459481299 78435.967445767499 0.59999999999999998
66467.513459481299 78522.569986145943 0.59999999999999998
66517.513459481299 78609.172526524388 0.59999999999999998
66567.513459481299 78695.775066902832 0.59999999999999998
66617.513459481299 78782.377607281276 0.59999999999999998
66667.513459481299 78868.98014765972 0.59999999999999998
66717.513459481299 78955.582688038165 0.59999999999999998
66767.513459481299 79042.185228416609 0.59999999999999998
66817.513459481299 79128.787768795053 0.59999999999999998
66867.513459481299 79215.390309173497 0.59999999999999998
66917.513459481299 79301.992849551942 0.59999999999999998
66967.513459481299 79388.595389930386 0.59999999999999998
67017.513459481299 79475.19793030883 0.59999999999999998
67067.513459481299 79561.800470687274 0.59999999999999998
67117.513459481299 79648.403011065719 0.59999999999999998
67167.513459481299 79735.005551444163 0.59999999999999998
67217.513459481299 79821.608091822607 0.59999999999999998
67267.513459481299 79908.210632201051 0.59999999999999998
67317.513459481299 79994.813172579496 0.59999999999999998
67367.513459481299 80081.41571295794 0.59999999999999998
67417.513459481299 80168.018253336384 0.59999999999999998
67467.513459481299 80254.620793714828 0.59999999999999998
67517.513459481299 80341.223334093273 0.59999999999999998
67567.513459481299 80427.825874471717 0.59999999999999998
67617.513459481299 80514.428414850161 0.59999999999999998
67667.513459481299 80601.030955228605 0.59999999999999998
67717.513459481299 80687.63349560705 0.59999999999999998
67767.513459481299 80774.236035985494 0.59999999999999998
67817.513459481299 80860.838576363938 0.59999999999999998
67867.513459481299 80947.441116742382 0.59999999999999998
67917.513459481299 81034.043657120827 0.59999999999999998
67967.513459481299 81120.646197499271 0.59999999999999998
68017.513459481299 81207.2487378777 0.59999999999999998
68067.513459481299 81293.851278256145 0.59999999999999998
68117.513459481299 81380.453818634589 0.59999999999999998
68167.513459481299 81467.056359013033 0.59999999999999998
68217.513459481299 81553.658899391477 0.59999999999999998
68267.513459481299 81640.261439769922 0.59999999999999998
68317.513459481299 81726.863980148366 0.59999999999999998
68367.513459481299 81813.46652052681 0.59999999999999998
68417.513459481299 81900.069060905254 0.59999999999999998
68467.513459481299 81986.671601283699 0.59999999999999998
68517.513459481299 82073.274141662143 0.59999999999999998
68567.513459481299 82159.876682040587 0.59999999999999998
68617.513459481299 82246.479222419031 0.59999999999999998
68667.513459481299 82333.081762797476 0.59999999999999998
68717.513459481299 82419.68430317592 0.59999999999999998
68767.513459481299 82506.286843554364 0.59999999999999998
68817.513459481299 82592.889383932808 0.59999999999999998
68867.513459481299 82679.491924311253 0.59999999999999998
68917.513459481299 82766.094464689697 0.59999999999999998
68967.513459481299 82852.697005068141 0.59999999999999998
69017.513459481299 82939.299545446585 0.59999999999999998
69067.513459481299 83025.90208582503 0.59999999999999998
69117.513459481299 83112.504626203474 0.59999999999999998
69167.513459481299 83199.107166581918 0.59999999999999998
69217.513459481299 83285.709706960362 0.59999999999999998
69267.513459481299 83372.312247338807 0.59999999999999998
69317.513459481299 83458.914787717251 0.59999999999999998
69367.513459481299 83545.517328095681 0.59999999999999998
69417.513459481299 83632.119868474139 0.59999999999999998
69467.513459481299 83718.722408852569 0.59999999999999998
69517.513459481299 83805.324949231028 0.59999999999999998
69567.513459481299 83891.927489609458 0.59999999999999998
69617.513459481299 83978.530029987902 0.59999999999999998
69667.513459481299 84065.132570366346 0.59999999999999998
69717.513459481299 84151.73511074479 0.59999999999999998
69767.513459481299 84238.337651123235 0.59999999999999998
69817.513459481299 84324.940191501679 0.59999999999999998
69867.513459481299 84411.542731880123 0.59999999999999998
69917.513459481299 84498.145272258567 0.59999999999999998
69967.513459481299 84584.747812637012 0.59999999999999998
70017.513459481299 84671.350353015456 0.59999999999999998
70067.513459481299 84757.9528933939 0.59999999999999998
70117.513459481299 84844.555433772344 0.59999999999999998
70167.513459481299 84931.157974150789 0.59999999999999998
70217.513459481299 85017.760514529233 0.59999999999999998
70267.513459481299 85104.363054907677 0.59999999999999998
70317.513459481299 85190.965595286121 0.59999999999999998
70367.513459481299 85277.568135664565 0.59999999999999998
70417.513459481299 85364.17067604301 0.59999999999999998
70467.513459481299 85450.773216421454 0.59999999999999998
70517.513459481299 85537.375756799898 0.59999999999999998
70567.513459481299 85623.978297178342 0.59999999999999998
70617.513459481299 85710.580837556787 0.59999999999999998
70667.513459481299 85797.183377935216 0.59999999999999998
70717.513459481299 85883.785918313675 0.59999999999999998
70767.513459481299 85970.388458692105 0.59999999999999998
70817.513459481299 86056.990999070564 0.59999999999999998
70867.513459481299 86143.593539448993 0.59999999999999998
70917.513459481299 86230.196079827438 0.59999999999999998
70967.513459481299 86316.798620205882 0.59999999999999998
71017.513459481299 86403.401160584326 0.59999999999999998
71067.513459481299 86490.00370096277 0.59999999999999998
71117.513459481299 86576.606241341215 0.59999999999999998
71167.513459481299 86663.208781719659 0.59999999999999998
71217.513459481299 86749.811322098103 0.59999999999999998
71267.513459481299 86836.413862476547 0.59999999999999998
71317.513459481299 86923.016402854992 0.59999999999999998
71367.513459481299 87009.618943233436 0.59999999999999998
71417.513459481299 87096.22148361188 0.59999999999999998
71467.513459481299 87182.824023990324 0.59999999999999998
71517.513459481299 87269.426564368769 0.59999999999999998
71567.513459481299 87356.029104747213 0.59999999999999998
71617.513459481299 87442.631645125657 0.59999999999999998
71667.513459481299 87529.234185504101 0.59999999999999998
71717.513459481299 87615.836725882546 0.59999999999999998
71767.513459481299 87702.43926626099 0.59999999999999998
71817.513459481299 87789.041806639434 0.59999999999999998
71867.513459481299 87875.644347017878 0.59999999999999998
71917.513459481299 87962.246887396323 0.59999999999999998
71967.513459481299 88048.849427774767 0.59999999999999998
72017.513459481299 88135.451968153211 0.59999999999999998
72067.513459481299 88222.054508531655 0.59999999999999998
72117.513459481299 88308.6570489101 0.59999999999999998
72167.513459481299 88395.259589288544 0.59999999999999998
72217.513459481299 88481.862129666988 0.59999999999999998
72267.513459481299 88568.464670045432 0.59999999999999998
72317.513459481299 88655.067210423877 0.59999999999999998
72367.513459481299 88741.669750802306 0.59999999999999998
72417.513459481299 88828.272291180765 0.59999999999999998
72467.513459481299 88914.874831559195 0.59999999999999998
72517.513459481299 89001.477371937654 0.59999999999999998
72567.513459481299 89088.079912316083 0.59999999999999998
72617.513459481299 89174.682452694527 0.59999999999999998
72667.513459481299 89261.284993072972 0.59999999999999998
72717.513459481299 89347.887533451416 0.59999999999999998
72767.513459481299 89434.49007382986 0.59999999999999998
72817.513459481299 89521.092614208304 0.59999999999999998
72867.513459481299 89607.695154586749 0.59999999999999998
72917.513459481299 89694.297694965193 0.59999999999999998
72967.513459481299 89780.900235343637 0.59999999999999998
73017.513459481299 89867.502775722081 0.59999999999999998
73067.513459481299 89954.105316100526 0.59999999999999998
73117.513459481299 90040.70785647897 0.59999999999999998
73167.513459481299 90127.310396857414 0.59999999999999998
73217.513459481299 90213.912937235858 0.59999999999999998
73267.513459481299 90300.515477614303 0.59999999999999998
73317.513459481299 90387.118017992747 0.59999999999999998
73367.513459481299 90473.720558371191 0.59999999999999998
73417.513459481299 90560.323098749635 0.59999999999999998
73467.513459481299 90646.92563912808 0.59999999999999998
73517.513459481299 90733.528179506524 0.59999999999999998
73567.513459481299 90820.130719884968 0.59999999999999998
73617.513459481299 90906.733260263412 0.59999999999999998
73667.513459481299 90993.335800641842 0.59999999999999998
73717.513459481299 91079.938341020301 0.59999999999999998
73767.513459481299 91166.540881398731 0.59999999999999998
73817.513459481299 91253.143421777189 0.59999999999999998
73867.513459481299 91339.745962155619 0.59999999999999998
73917.513459481299 91426.348502534063 0.59999999999999998
73967.513459481299 91512.951042912508 0.59999999999999998
74017.513459481299 91599.553583290952 0.59999999999999998
74067.513459481299 91686.156123669396 0.59999999999999998
74117.513459481299 91772.75866404784 0.59999999999999998
74167.513459481299 91859.361204426285 0.59999999999999998
74217.513459481299 91945.963744804729 0.59999999999999998
74267.513459481299 92032.566285183173 0.59999999999999998
74317.513459481299 92119.168825561617 0.59999999999999998
74367.513459481299 92205.771365940062 0.59999999999999998
74417.513459481299 92292.373906318506 0.59999999999999998
74467.513459481299 92378.97644669695 0.59999999999999998
74517.513459481299 92465.578987075394 0.59999999999999998
74567.513459481299 92552.181527453838 0.59999999999999998
74617.513459481299 92638.784067832283 0.59999999999999998
74667.513459481299 92725.386608210727 0.59999999999999998
74717.513459481299 92811.989148589171 0.59999999999999998
74767.513459481299 92898.591688967615 0.59999999999999998
74817.513459481299 92985.19422934606 0.59999999999999998
74867.513459481299 93071.796769724504 0.59999999999999998
74917.513459481299 93158.399310102948 0.59999999999999998
74967.513459481299 93245.001850481392 0.59999999999999998
75017.513459481299 93331.604390859837 0.59999999999999998
75067.513459481299 93418.206931238281 0.59999999999999998
75117.513459481299 93504.809471616725 0.59999999999999998
75167.513459481299 93591.412011995169 0.59999999999999998
75217.513459481299 93678.014552373599 0.59999999999999998
75267.513459481299 93764.617092752058 0.59999999999999998
75317.513459481299 93851.219633130488 0.59999999999999998
75367.513459481299 93937.822173508946 0.59999999999999998
75417.513459481299 94024.424713887376 0.59999999999999998
75467.513459481299 94111.02725426582 0.59999999999999998
75517.513459481299 94197.629794644265 0.59999999999999998
75567.513459481299 94284.232335022709 0.59999999999999998
75617.513459481299 94370.834875401153 0.59999999999999998
75667.513459481299 94457.437415779597 0.59999999999999998
75717.513459481299 94544.039956158042 0.59999999999999998
75767.513459481299 94630.642496536486 0.59999999999999998
75817.513459481299 94717.24503691493 0.59999999999999998
75867.513459481299 94803.847577293374 0.59999999999999998
75917.513459481299 94890.450117671819 0.59999999999999998
75967.513459481299 94977.052658050263 0.59999999999999998
76017.513459481299 95063.655198428707 0.59999999999999998
76067.513459481299 95150.257738807151 0.59999999999999998
76117.513459481299 95236.860279185596 0.59999999999999998
76167.513459481299 95323.46281956404 0.59999999999999998
76217.513459481299 95410.065359942484 0.59999999999999998
76267.513459481299 95496.667900320928 0.59999999999999998
76317.513459481299 95583.270440699373 0.59999999999999998
76367.513459481299 95669.872981077817 0.59999999999999998
76417.513459481299 95756.475521456261 0.59999999999999998
76467.513459481299 95843.078061834705 0.59999999999999998
76517.513459481299 95929.68060221315 0.59999999999999998
76567.513459481299 96016.283142591594 0.59999999999999998
76617.513459481299 96102.885682970038 0.59999999999999998
76667.513459481299 96189.488223348482 0.59999999999999998
76717.513459481299 96276.090763726927 0.59999999999999998
76767.513459481299 96362.693304105371 0.59999999999999998
76817.513459481299 96449.295844483815 0.59999999999999998
76867.513459481299 96535.898384862259 0.59999999999999998
76917.513459481299 96622.500925240704 0.59999999999999998
76967.513459481299 96709.103465619148 0.59999999999999998
77017.513459481299 96795.706005997577 0.59999999999999998
77067.513459481299 96882.308546376036 0.59999999999999998
77117.513459481299 96968.911086754466 0.59999999999999998
77167.513459481299 97055.51362713291 0.59999999999999998
77217.513459481299 97142.116167511354 0.59999999999999998
77267.513459481299 97228.718707889799 0.59999999999999998
77317.513459481299 97315.321248268243 0.59999999999999998
77367.513459481299 97401.923788646687 0.59999999999999998
77417.513459481299 97488.526329025131 0.59999999999999998
77467.513459481299 97575.128869403576 0.59999999999999998
77517.513459481299 97661.73140978202 0.59999999999999998
77567.513459481299 97748.333950160464 0.59999999999999998
77617.513459481299 97834.936490538908 0.59999999999999998
77667.513459481299 97921.539030917353 0.59999999999999998
77717.513459481299 98008.141571295797 0.59999999999999998
77767.513459481299 98094.744111674241 0.59999999999999998
77817.513459481299 98181.346652052685 0.59999999999999998
77867.513459481299 98267.94919243113 0.59999999999999998
77917.513459481299 98354.551732809574 0.59999999999999998
77967.513459481299 98441.154273188018 0.59999999999999998
78017.513459481299 98527.756813566462 0.59999999999999998
78067.513459481299 98614.359353944907 0.59999999999999998
78117.513459481299 98700.961894323336 0.59999999999999998
78167.513459481299 98787.564434701781 0.59999999999999998
78217.513459481299 98874.166975080225 0.59999999999999998
78267.513459481299 98960.769515458669 0.59999999999999998
78317.513459481299 99047.372055837113 0.59999999999999998
78367.513459481299 99133.974596215558 0.59999999999999998
78417.513459481299 99220.577136594002 0.59999999999999998
78467.513459481299 99307.179676972446 0.59999999999999998
78517.513459481299 99393.78221735089 0.59999999999999998
78567.513459481299 99480.384757729335 0.59999999999999998
78617.513459481299 99566.987298107779 0.59999999999999998
78667.513459481299 99653.589838486223 0.59999999999999998
78717.513459481299 99740.192378864667 0.59999999999999998
78767.513459481299 99826.794919243112 0.59999999999999998
78817.513459481299 99913.397459621556 0.59999999999999998
78867.513459481299 100000 0.59999999999999998
