21132.486540518701 0 0.59999999999999998
21182.468391329559 86.571105060735135 0.59999999999999998
21232.450242140425 173.14221012147027 0.59999999999999998
21282.432092951291 259.71331518221996 0.59999999999999998
21332.413943762156 346.28442024296965 0.59999999999999998
21382.395794573014 432.85552530370478 0.59999999999999998
21432.37764538388 519.42663036445447 0.59999999999999998
21482.359496194746 605.9977354251896 0.59999999999999998
21532.341347005611 692.56884048593929 0.59999999999999998
21582.323197816469 779.13994554667443 0.59999999999999998
21632.305048627335 865.71105060742411 0.59999999999999998
21682.286899438201 952.2821556681738 0.59999999999999998
21732.268750249066 1038.8532607289235 0.59999999999999998
21782.250601059925 1125.4243657896586 0.59999999999999998
21832.23245187079 1211.9954708503938 0.59999999999999998
21882.214302681656 1298.5665759111434 0.59999999999999998
21932.196153492521 1385.1376809718931 0.59999999999999998
21982.17800430338 1471.7087860326283 0.59999999999999998
22032.159855114245 1558.279891093378 0.59999999999999998
22082.141705925111 1644.8509961541276 0.59999999999999998
22132.123556735976 1731.4221012148628 0.59999999999999998
22182.105407546835 1817.9932062755979 0.59999999999999998
22232.0872583577 1904.5643113363476 0.59999999999999998
22282.069109168566 1991.1354163970973 0.59999999999999998
22332.050959979431 2077.706521457847 0.59999999999999998
22382.03281079029 2164.2776265185821 0.59999999999999998
22432.014661601155 2250.8487315793172 0.59999999999999998
22481.996512412021 2337.4198366400669 0.59999999999999998
22531.978363222886 2423.9909417008166 0.59999999999999998
22581.960214033745 2510.5620467615518 0.59999999999999998
22631.94206484461 2597.1331518223014 0.59999999999999998
22681.923915655476 2683.7042568830511 0.59999999999999998
22731.905766466341 2770.2753619437863 0.59999999999999998
22781.8876172772 2856.8464670045214 0.59999999999999998
22831.869468088065 2943.4175720652711 0.59999999999999998
22881.851318898931 3029.9886771260208 0.59999999999999998
22931.833169709796 3116.5597821867705 0.59999999999999998
22981.815020520655 3203.1308872475056 0.59999999999999998
23031.79687133152 3289.7019923082553 0.59999999999999998
23081.778722142386 3376.2730973689904 0.59999999999999998
23131.760572953252 3462.8442024297401 0.59999999999999998
23181.74242376411 3549.4153074904752 0.59999999999999998
23231.724274574975 3635.9864125512249 0.59999999999999998
23281.706125385841 3722.5575176119746 0.59999999999999998
23331.687976196707 3809.1286226727243 0.59999999999999998
23381.669827007565 3895.6997277334449 0.59999999999999998
23431.65167781843 3982.2708327941946 0.59999999999999998
23481.633528629296 4068.8419378549443 0.59999999999999998
23531.615379440162 4155.4130429156939 0.59999999999999998
23581.59723025102 4241.9841479764291 0.59999999999999998
23631.579081061886 4328.5552530371788 0.59999999999999998
23681.560931872751 4415.1263580979139 0.59999999999999998
23731.542782683617 4501.6974631586636 0.59999999999999998
23781.524633494475 4588.2685682193987 0.59999999999999998
23831.506484305341 4674.8396732801484 0.59999999999999998
23881.488335116206 4761.4107783408981 0.59999999999999998
23931.470185927072 4847.9818834016478 0.59999999999999998
23981.45203673793 4934.5529884623829 0.59999999999999998
24031.433887548796 5021.1240935231181 0.59999999999999998
24081.415738359661 5107.6951985838678 0.59999999999999998
24131.397589170519 5194.2663036446029 0.59999999999999998
24181.379439981385 5280.8374087053526 0.59999999999999998
24231.361290792251 5367.4085137661023 0.59999999999999998
24281.343141603116 5453.9796188268519 0.59999999999999998
24331.324992413975 5540.5507238875725 0.59999999999999998
24381.30684322484 5627.1218289483222 0.59999999999999998
24431.288694035706 5713.6929340090719 0.59999999999999998
24481.270544846571 5800.2640390698216 0.59999999999999998
24531.25239565743 5886.8351441305567 0.59999999999999998
24581.234246468295 5973.4062491913064 0.59999999999999998
24631.216097279161 6059.9773542520416 0.59999999999999998
24681.197948090026 6146.5484593127912 0.59999999999999998
24731.179798900885 6233.1195643735264 0.59999999999999998
24781.16164971175 6319.6906694342761 0.59999999999999998
24831.143500522616 6406.2617744950257 0.59999999999999998
24881.125351333481 6492.8328795557754 0.59999999999999998
24931.10720214434 6579.4039846165106 0.59999999999999998
24981.089052955205 6665.9750896772457 0.59999999999999998
25031.070903766071 6752.5461947379954 0.59999999999999998
25081.052754576936 6839.1172997987451 0.59999999999999998
25131.034605387795 6925.6884048594802 0.59999999999999998
25181.01645619866 7012.2595099202299 0.59999999999999998
25230.998307009526 7098.8306149809796 0.59999999999999998
25280.980157820391 7185.4017200417147 0.59999999999999998
25330.96200863125 7271.9728251024499 0.59999999999999998
25380.943859442115 7358.5439301631995 0.59999999999999998
25430.925710252981 7445.1150352239492 0.59999999999999998
25480.907561063847 7531.6861402846989 0.59999999999999998
25530.889411874705 7618.2572453454341 0.59999999999999998
25580.87126268557 7704.8283504061692 0.59999999999999998
25630.853113496436 7791.3994554669189 0.59999999999999998
25680.834964307302 7877.9705605276686 0.59999999999999998
25730.81681511816 7964.5416655884037 0.59999999999999998
25780.798665929025 8051.1127706491534 0.59999999999999998
25830.780516739891 8137.6838757099031 0.59999999999999998
25880.762367550757 8224.2549807706382 0.59999999999999998
25930.744218361615 8310.8260858313733 0.59999999999999998
25980.72606917248 8397.397190892123 0.59999999999999998
26030.707919983346 8483.9682959528727 0.59999999999999998
26080.689770794212 8570.5394010136224 0.59999999999999998
26130.67162160507 8657.1105060743575 0.59999999999999998
26180.653472415936 8743.6816111351072 0.59999999999999998
26230.635323226801 8830.2527161958424 0.59999999999999998
26280.617174037667 8916.8238212565921 0.59999999999999998
26330.599024848525 9003.3949263173272 0.59999999999999998
26380.580875659391 9089.9660313780769 0.59999999999999998
26430.562726470256 9176.5371364388266 0.59999999999999998
26480.544577281122 9263.1082414995617 0.59999999999999998
26530.52642809198 9349.6793465602968 0.59999999999999998
26580.508278902846 9436.2504516210465 0.59999999999999998
26630.490129713711 9522.8215566817962 0.59999999999999998
26680.471980524577 9609.3926617425459 0.59999999999999998
26730.453831335435 9695.963766803281 0.59999999999999998
26780.435682146301 9782.5348718640307 0.59999999999999998
26830.417532957166 9869.1059769247659 0.59999999999999998
26880.399383768032 9955.6770819855155 0.59999999999999998
26930.38123457889 10042.248187046251 0.59999999999999998
26980.363085389756 10128.819292107 0.59999999999999998
27030.344936200621 10215.39039716775 0.59999999999999998
27080.326787011487 10301.9615022285 0.59999999999999998
27130.308637822345 10388.53260728922 0.59999999999999998
27180.290488633211 10475.10371234997 0.59999999999999998
27230.272339444076 10561.67481741072 0.59999999999999998
27280.254190254942 10648.245922471469 0.59999999999999998
27330.2360410658 10734.817027532205 0.59999999999999998
27380.217891876666 10821.388132592954 0.59999999999999998
27430.199742687531 10907.959237653689 0.59999999999999998
27480.181593498397 10994.530342714439 0.59999999999999998
27530.163444309255 11081.101447775174 0.59999999999999998
27580.145295120121 11167.672552835924 0.59999999999999998
27630.127145930986 11254.243657896674 0.59999999999999998
27680.108996741852 11340.814762957423 0.59999999999999998
27730.09084755271 11427.385868018158 0.59999999999999998
27780.072698363576 11513.956973078893 0.59999999999999998
27830.054549174441 11600.528078139643 0.59999999999999998
27880.036399985307 11687.099183200393 0.59999999999999998
27930.018250796165 11773.670288261128 0.59999999999999998
27980.000101607031 11860.241393321878 0.59999999999999998
28029.981952417897 11946.812498382627 0.59999999999999998
28079.963803228762 12033.383603443363 0.59999999999999998
28129.94565403962 12119.954708504098 0.59999999999999998
28179.927504850486 12206.525813564847 0.59999999999999998
28229.909355661352 12293.096918625597 0.59999999999999998
28279.89120647221 12379.668023686332 0.59999999999999998
28329.873057283075 12466.239128747082 0.59999999999999998
28379.854908093941 12552.810233807817 0.59999999999999998
28429.836758904807 12639.381338868567 0.59999999999999998
28479.818609715665 12725.952443929302 0.59999999999999998
28529.800460526531 12812.523548990051 0.59999999999999998
28579.782311337396 12899.094654050801 0.59999999999999998
28629.764162148262 12985.665759111551 0.59999999999999998
28679.74601295912 13072.236864172286 0.59999999999999998
28729.727863769986 13158.807969233021 0.59999999999999998
28779.709714580851 13245.379074293771 0.59999999999999998
28829.691565391717 13331.950179354521 0.59999999999999998
28879.673416202575 13418.521284415256 0.59999999999999998
28929.655267013441 13505.092389476005 0.59999999999999998
28979.637117824306 13591.663494536755 0.59999999999999998
29029.618968635172 13678.23459959749 0.59999999999999998
29079.60081944603 13764.805704658225 0.59999999999999998
29129.582670256896 13851.376809718975 0.59999999999999998
29179.564521067761 13937.947914779725 0.59999999999999998
29229.546371878627 14024.519019840474 0.59999999999999998
29279.528222689485 14111.090124901209 0.59999999999999998
29329.510073500351 14197.661229961945 0.59999999999999998
29379.491924311216 14284.232335022694 0.59999999999999998
29429.473775122082 14370.803440083444 0.59999999999999998
29479.45562593294 14457.374545144179 0.59999999999999998
29529.437476743806 14543.945650204929 0.59999999999999998
29579.419327554671 14630.516755265679 0.59999999999999998
29629.40117836553 14717.087860326414 0.59999999999999998
29679.383029176402 14803.658965387163 0.59999999999999998
29729.364879987261 14890.230070447898 0.59999999999999998
29779.346730798126 14976.801175508648 0.59999999999999998
29829.328581608992 15063.372280569398 0.59999999999999998
29879.31043241985 15149.943385630133 0.59999999999999998
29929.292283230716 15236.514490690883 0.59999999999999998
29979.274134041581 15323.085595751618 0.59999999999999998
30029.25598485244 15409.656700812353 0.59999999999999998
30079.237835663313 15496.227805873117 0.59999999999999998
30129.219686474171 15582.798910933852 0.59999999999999998
30179.201537285036 15669.370015994602 0.59999999999999998
30229.183388095902 15755.941121055337 0.59999999999999998
30279.16523890676 15842.512226116072 0.59999999999999998
30329.147089717626 15929.083331176822 0.59999999999999998
30379.128940528492 16015.654436237572 0.59999999999999998
30429.11079133935 16102.225541298307 0.59999999999999998
30479.092642150223 16188.796646359071 0.59999999999999998
30529.074492961081 16275.367751419806 0.59999999999999998
30579.056343771947 16361.938856480541 0.59999999999999998
30629.038194582812 16448.509961541291 0.59999999999999998
30679.02004539367 16535.081066602026 0.59999999999999998
30729.001896204536 16621.652171662776 0.59999999999999998
30778.983747015402 16708.223276723525 0.59999999999999998
30828.96559782626 16794.794381784261 0.59999999999999998
30878.947448637133 16881.36548684501 0.59999999999999998
30928.929299447991 16967.936591905745 0.59999999999999998
30978.911150258857 17054.507696966495 0.59999999999999998
31028.893001069722 17141.078802027245 0.59999999999999998
31078.874851880581 17227.64990708798 0.59999999999999998
31128.856702691446 17314.22101214873 0.59999999999999998
31178.838553502312 17400.792117209465 0.59999999999999998
31228.82040431317 17487.3632222702 0.59999999999999998
31278.802255124043 17573.934327330964 0.59999999999999998
31328.784105934901 17660.505432391699 0.59999999999999998
31378.765956745767 17747.076537452449 0.59999999999999998
31428.747807556632 17833.647642513199 0.59999999999999998
31478.729658367491 17920.218747573934 0.59999999999999998
31528.711509178356 18006.789852634669 0.59999999999999998
31578.693359989222 18093.360957695419 0.59999999999999998
31628.67521080008 18179.932062756154 0.59999999999999998
31678.657061610953 18266.503167816918 0.59999999999999998
31728.638912421811 18353.074272877653 0.59999999999999998
31778.620763232677 18439.645377938403 0.59999999999999998
31828.602614043542 18526.216482999138 0.59999999999999998
31878.584464854401 18612.787588059873 0.59999999999999998
31928.566315665266 18699.358693120623 0.59999999999999998
31978.548166476132 18785.929798181372 0.59999999999999998
32028.53001728699 18872.500903242108 0.59999999999999998
32078.511868097863 18959.072008302872 0.59999999999999998
32128.493718908721 19045.643113363592 0.59999999999999998
32178.475569719587 19132.214218424342 0.59999999999999998
32228.457420530453 19218.785323485092 0.59999999999999998
32278.439271341311 19305.356428545827 0.59999999999999998
32328.421122152176 19391.927533606577 0.59999999999999998
32378.402972963042 19478.498638667326 0.59999999999999998
32428.3848237739 19565.069743728061 0.59999999999999998
32478.366674584773 19651.640848788811 0.59999999999999998
32528.348525395631 19738.211953849546 0.59999999999999998
32578.33037620649 19824.783058910281 0.59999999999999998
32628.312227017363 19911.354163971046 0.59999999999999998
32678.294077828221 19997.925269031781 0.59999999999999998
32728.275928639086 20084.49637409253 0.59999999999999998
32778.257779449952 20171.067479153266 0.59999999999999998
32828.23963026081 20257.638584214001 0.59999999999999998
32878.221481071676 20344.20968927475 0.59999999999999998
32928.203331882542 20430.7807943355 0.59999999999999998
32978.1851826934 20517.351899396235 0.59999999999999998
33028.167033504273 20603.923004456999 0.59999999999999998
33078.148884315131 20690.49410951772 0.59999999999999998
33128.130735125997 20777.06521457847 0.59999999999999998
33178.112585936862 20863.636319639219 0.59999999999999998
33228.09443674772 20950.207424699955 0.59999999999999998
33278.076287558586 21036.778529760704 0.59999999999999998
33328.058138369452 21123.349634821454 0.59999999999999998
33378.03998918031 21209.920739882189 0.59999999999999998
33428.021839991183 21296.491844942939 0.59999999999999998
33478.003690802041 21383.062950003674 0.59999999999999998
33527.985541612907 21469.634055064424 0.59999999999999998
33577.967392423772 21556.205160125173 0.59999999999999998
33627.949243234631 21642.776265185908 0.59999999999999998
33677.931094045496 21729.347370246658 0.59999999999999998
33727.912944856362 21815.918475307393 0.59999999999999998
33777.89479566722 21902.489580368128 0.59999999999999998
33827.876646478093 21989.060685428893 0.59999999999999998
33877.858497288951 22075.631790489628 0.59999999999999998
33927.840348099817 22162.202895550377 0.59999999999999998
33977.822198910682 22248.774000611127 0.59999999999999998
34027.804049721541 22335.345105671848 0.59999999999999998
34077.785900532406 22421.916210732597 0.59999999999999998
34127.767751343272 22508.487315793347 0.59999999999999998
34177.74960215413 22595.058420854082 0.59999999999999998
34227.731452965003 22681.629525914846 0.59999999999999998
34277.713303775861 22768.200630975582 0.59999999999999998
34327.695154586727 22854.771736036317 0.59999999999999998
34377.677005397592 22941.342841097066 0.59999999999999998
34427.658856208451 23027.913946157802 0.59999999999999998
34477.640707019316 23114.485051218551 0.59999999999999998
34527.622557830182 23201.056156279301 0.59999999999999998
34577.60440864104 23287.627261340036 0.59999999999999998
34627.586259451913 23374.198366400786 0.59999999999999998
34677.568110262771 23460.769471461521 0.59999999999999998
34727.549961073637 23547.340576522271 0.59999999999999998
34777.531811884503 23633.91168158302 0.59999999999999998
34827.513662695361 23720.482786643755 0.59999999999999998
34877.495513506226 23807.053891704505 0.59999999999999998
34927.477364317092 23893.62499676524 0.59999999999999998
34977.45921512795 23980.196101825975 0.59999999999999998
35027.441065938823 24066.76720688674 0.59999999999999998
35077.422916749681 24153.338311947475 0.59999999999999998
35127.404767560547 24239.909417008224 0.59999999999999998
35177.386618371413 24326.480522068974 0.59999999999999998
35227.368469182271 24413.051627129709 0.59999999999999998
35277.350319993137 24499.622732190444 0.59999999999999998
35327.332170804002 24586.193837251194 0.59999999999999998
35377.31402161486 24672.764942311929 0.59999999999999998
35427.295872425733 24759.336047372693 0.59999999999999998
35477.277723236592 24845.907152433429 0.59999999999999998
35527.259574047457 24932.478257494178 0.59999999999999998
35577.241424858323 25019.049362554913 0.59999999999999998
35627.223275669181 25105.620467615649 0.59999999999999998
35677.205126480047 25192.191572676398 0.59999999999999998
35727.186977290912 25278.762677737148 0.59999999999999998
35777.16882810177 25365.333782797883 0.59999999999999998
35827.150678912643 25451.904887858647 0.59999999999999998
35877.132529723502 25538.475992919368 0.59999999999999998
35927.114380534367 25625.047097980118 0.59999999999999998
35977.096231345233 25711.618203040867 0.59999999999999998
36027.078082156091 25798.189308101602 0.59999999999999998
36077.059932966957 25884.760413162352 0.59999999999999998
36127.041783777822 25971.331518223102 0.59999999999999998
36177.023634588681 26057.902623283837 0.59999999999999998
36227.005485399553 26144.473728344587 0.59999999999999998
36276.987336210412 26231.044833405322 0.59999999999999998
36326.969187021277 26317.615938466071 0.59999999999999998
36376.951037832143 26404.187043526821 0.59999999999999998
36426.932888643001 26490.758148587556 0.59999999999999998
36476.914739453867 26577.329253648306 0.59999999999999998
36526.896590264732 26663.900358709041 0.59999999999999998
36576.878441075591 26750.471463769776 0.59999999999999998
36626.860291886464 26837.04256883054 0.59999999999999998
36676.842142697322 26923.613673891276 0.59999999999999998
36726.823993508187 27010.184778952025 0.59999999999999998
36776.805844319053 27096.755884012775 0.59999999999999998
36826.787695129911 27183.326989073495 0.59999999999999998
36876.769545940777 27269.898094134245 0.59999999999999998
36926.751396751642 27356.469199194995 0.59999999999999998
36976.733247562501 27443.04030425573 0.59999999999999998
37026.715098373366 27529.61140931648 0.59999999999999998
37076.696949184232 27616.182514377229 0.59999999999999998
37126.67879999509 27702.753619437965 0.59999999999999998
37176.660650805963 27789.324724498714 0.59999999999999998
37226.642501616821 27875.895829559449 0.59999999999999998
37276.624352427687 27962.466934620199 0.59999999999999998
37326.606203238553 28049.038039680949 0.59999999999999998
37376.588054049411 28135.609144741684 0.59999999999999998
37426.569904860276 28222.180249802434 0.59999999999999998
37476.551755671142 28308.751354863169 0.59999999999999998
37526.533606482 28395.322459923904 0.59999999999999998
37576.515457292873 28481.893564984668 0.59999999999999998
37626.497308103731 28568.464670045403 0.59999999999999998
37676.479158914597 28655.035775106153 0.59999999999999998
37726.461009725463 28741.606880166903 0.59999999999999998
37776.442860536321 28828.177985227623 0.59999999999999998
37826.424711347187 28914.749090288373 0.59999999999999998
37876.406562158052 29001.320195349123 0.59999999999999998
37926.38841296891 29087.891300409858 0.59999999999999998
37976.370263779783 29174.462405470622 0.59999999999999998
38026.352114590642 29261.033510531357 0.59999999999999998
38076.333965401507 29347.604615592092 0.59999999999999998
38126.315816212373 29434.175720652842 0.59999999999999998
38176.297667023231 29520.746825713577 0.59999999999999998
38226.279517834097 29607.317930774327 0.59999999999999998
38276.261368644962 29693.889035835076 0.59999999999999998
38326.243219455821 29780.460140895811 0.59999999999999998
38376.225070266693 29867.031245956561 0.59999999999999998
38426.206921077552 29953.602351017296 0.59999999999999998
38476.188771888417 30040.173456078046 0.59999999999999998
38526.170622699283 30126.744561138796 0.59999999999999998
38576.152473510141 30213.315666199531 0.59999999999999998
38626.134324321007 30299.886771260281 0.59999999999999998
38676.116175131872 30386.45787632103 0.59999999999999998
38726.098025942731 30473.028981381751 0.59999999999999998
38776.079876753603 30559.600086442515 0.59999999999999998
38826.061727564462 30646.17119150325 0.59999999999999998
38876.043578375327 30732.742296564 0.59999999999999998
38926.025429186193 30819.31340162475 0.59999999999999998
38976.007279997051 30905.884506685485 0.59999999999999998
39025.989130807917 30992.45561174622 0.59999999999999998
39075.970981618782 31079.026716806969 0.59999999999999998
39125.952832429641 31165.597821867705 0.59999999999999998
39175.934683240514 31252.168926928469 0.59999999999999998
39225.916534051372 31338.740031989204 0.59999999999999998
39275.898384862237 31425.311137049954 0.59999999999999998
39325.880235673103 31511.882242110689 0.59999999999999998
39375.862086483961 31598.453347171424 0.59999999999999998
39425.843937294827 31685.024452232174 0.59999999999999998
39475.825788105692 31771.595557292923 0.59999999999999998
39525.807638916551 31858.166662353658 0.59999999999999998
39575.789489727424 31944.737767414423 0.59999999999999998
39625.771340538282 32031.308872475143 0.59999999999999998
39675.753191349148 32117.879977535893 0.59999999999999998
39725.735042160013 32204.451082596643 0.59999999999999998
39775.716892970871 32291.022187657378 0.59999999999999998
39825.698743781737 32377.593292718127 0.59999999999999998
39875.680594592603 32464.164397778877 0.59999999999999998
39925.662445403461 32550.735502839612 0.59999999999999998
39975.644296214334 32637.306607900362 0.59999999999999998
40025.626147025192 32723.877712961097 0.59999999999999998
40075.607997836058 32810.448818021847 0.59999999999999998
40125.589848646923 32897.019923082597 0.59999999999999998
40175.571699457782 32983.591028143332 0.59999999999999998
40225.553550268647 33070.162133204081 0.59999999999999998
40275.535401079513 33156.733238264816 0.59999999999999998
40325.517251890371 33243.304343325552 0.59999999999999998
40375.499102701244 33329.875448386316 0.59999999999999998
40425.480953512102 33416.446553447051 0.59999999999999998
40475.462804322968 33503.017658507801 0.59999999999999998
40525.444655133833 33589.58876356855 0.59999999999999998
40575.426505944692 33676.159868629271 0.59999999999999998
40625.408356755557 33762.730973690021 0.59999999999999998
40675.390207566423 33849.30207875077 0.59999999999999998
40725.372058377281 33935.873183811505 0.59999999999999998
40775.353909188154 34022.44428887227 0.59999999999999998
40825.335759999012 34109.015393933005 0.59999999999999998
40875.317610809878 34195.58649899374 0.59999999999999998
40925.299461620743 34282.15760405449 0.59999999999999998
40975.281312431602 34368.728709115225 0.59999999999999998
41025.263163242467 34455.299814175974 0.59999999999999998
41075.245014053333 34541.870919236724 0.59999999999999998
41125.226864864191 34628.442024297459 0.59999999999999998
41175.208715675057 34715.013129358202 0.59999999999999998
41225.190566485922 34801.584234418951 0.59999999999999998
41275.172417296781 34888.155339479687 0.59999999999999998
41325.154268107653 34974.726444540443 0.59999999999999998
41375.136118918512 35061.297549601179 0.59999999999999998
41425.117969729377 35147.868654661921 0.59999999999999998
41475.099820540243 35234.439759722671 0.59999999999999998
41525.081671351101 35321.010864783406 0.59999999999999998
41575.063522161967 35407.581969844156 0.59999999999999998
41625.045372972832 35494.153074904898 0.59999999999999998
41675.027223783691 35580.724179965633 0.59999999999999998
41725.009074594564 35667.29528502639 0.59999999999999998
41774.990925405422 35753.866390087125 0.59999999999999998
41824.972776216287 35840.437495147875 0.59999999999999998
41874.954627027153 35927.008600208625 0.59999999999999998
41924.936477838011 36013.579705269352 0.59999999999999998
41974.918328648877 36100.150810330102 0.59999999999999998
42024.900179459743 36186.721915390852 0.59999999999999998
42074.882030270601 36273.29302045158 0.59999999999999998
42124.863881081474 36359.864125512344 0.59999999999999998
42174.845731892332 36446.435230573079 0.59999999999999998
42224.827582703198 36533.006335633821 0.59999999999999998
42274.809433514063 36619.577440694571 0.59999999999999998
42324.791284324921 36706.148545755306 0.59999999999999998
42374.773135135787 36792.719650816049 0.59999999999999998
42424.754985946653 36879.290755876798 0.59999999999999998
42474.736836757511 36965.861860937533 0.59999999999999998
42524.718687568384 37052.43296599829 0.59999999999999998
42574.700538379242 37139.004071059026 0.59999999999999998
42624.682389190108 37225.575176119775 0.59999999999999998
42674.664240000973 37312.146281180518 0.59999999999999998
42724.646090811832 37398.717386241253 0.59999999999999998
42774.627941622697 37485.288491302003 0.59999999999999998
42824.609792433563 37571.859596362745 0.59999999999999998
42874.591643244421 37658.43070142348 0.59999999999999998
42924.573494055294 37745.001806484244 0.59999999999999998
42974.555344866152 37831.572911544979 0.59999999999999998
43024.537195677018 37918.144016605722 0.59999999999999998
43074.519046487883 38004.715121666472 0.59999999999999998
43124.500897298742 38091.286226727207 0.59999999999999998
43174.482748109607 38177.857331787949 0.59999999999999998
43224.464598920473 38264.428436848699 0.59999999999999998
43274.446449731331 38350.999541909434 0.59999999999999998
43324.428300542204 38437.570646970191 0.59999999999999998
43374.410151353062 38524.141752030926 0.59999999999999998
43424.392002163928 38610.712857091676 0.59999999999999998
43474.373852974793 38697.283962152418 0.59999999999999998
43524.355703785652 38783.855067213153 0.59999999999999998
43574.337554596517 38870.426172273903 0.59999999999999998
43624.319405407383 38956.997277334645 0.59999999999999998
43674.301256218241 39043.56838239538 0.59999999999999998
43724.283107029114 39130.139487456145 0.59999999999999998
43774.264957839972 39216.710592516873 0.59999999999999998
43824.246808650838 39303.281697577622 0.59999999999999998
43874.228659461704 39389.852802638372 0.59999999999999998
43924.210510272562 39476.423907699107 0.59999999999999998
43974.192361083427 39562.995012759849 0.59999999999999998
44024.174211894293 39649.566117820599 0.59999999999999998
44074.156062705151 39736.137222881334 0.59999999999999998
44124.137913516024 39822.708327942091 0.59999999999999998
44174.119764326882 39909.279433002826 0.59999999999999998
44224.101615137748 39995.850538063576 0.59999999999999998
44274.083465948614 40082.421643124319 0.59999999999999998
44324.065316759472 40168.992748185054 0.59999999999999998
44374.047167570337 40255.563853245803 0.59999999999999998
44424.029018381203 40342.134958306546 0.59999999999999998
44474.010869192061 40428.706063367281 0.59999999999999998
44523.992720002934 40515.277168428038 0.59999999999999998
44573.974570813793 40601.848273488773 0.59999999999999998
44623.956421624658 40688.419378549523 0.59999999999999998
44673.938272435524 40774.990483610272 0.59999999999999998
44723.920123246382 40861.561588671 0.59999999999999998
44773.901974057248 40948.13269373175 0.59999999999999998
44823.883824868113 41034.7037987925 0.59999999999999998
44873.865675678971 41121.274903853235 0.59999999999999998
44923.847526489844 41207.846008913992 0.59999999999999998
44973.829377300703 41294.417113974727 0.59999999999999998
45023.811228111568 41380.988219035469 0.59999999999999998
45073.793078922434 41467.559324096219 0.59999999999999998
45123.774929733292 41554.130429156954 0.59999999999999998
45173.756780544158 41640.701534217696 0.59999999999999998
45223.738631355023 41727.272639278446 0.59999999999999998
45273.720482165882 41813.843744339181 0.59999999999999998
45323.702332976747 41900.414849399931 0.59999999999999998
45373.684183787613 41986.985954460673 0.59999999999999998
45423.666034598471 42073.557059521409 0.59999999999999998
45473.647885409344 42160.128164582165 0.59999999999999998
45523.629736220202 42246.699269642901 0.59999999999999998
45573.611587031068 42333.27037470365 0.59999999999999998
45623.593437841933 42419.8414797644 0.59999999999999998
45673.575288652792 42506.412584825128 0.59999999999999998
45723.557139463657 42592.983689885878 0.59999999999999998
45773.538990274523 42679.554794946627 0.59999999999999998
45823.520841085381 42766.125900007362 0.59999999999999998
45873.502691896254 42852.697005068119 0.59999999999999998
45923.484542707112 42939.268110128854 0.59999999999999998
45973.466393517978 43025.839215189597 0.59999999999999998
46023.448244328843 43112.410320250347 0.59999999999999998
46073.430095139702 43198.981425311082 0.59999999999999998
46123.411945950567 43285.552530371824 0.59999999999999998
46173.393796761433 43372.123635432574 0.59999999999999998
46223.375647572298 43458.694740493323 0.59999999999999998
46273.357498383164 43545.265845554059 0.59999999999999998
46323.339349194022 43631.836950614801 0.59999999999999998
46373.321200004888 43718.408055675551 0.59999999999999998
46423.303050815754 43804.979160736293 0.59999999999999998
46473.284901626612 43891.550265797036 0.59999999999999998
46523.266752437477 43978.121370857778 0.59999999999999998
46573.248603248343 44064.692475918528 0.59999999999999998
46623.230454059209 44151.26358097927 0.59999999999999998
46673.212304870074 44237.834686040012 0.59999999999999998
46723.194155680932 44324.405791100755 0.59999999999999998
46773.176006491798 44410.976896161497 0.59999999999999998
46823.157857302664 44497.548001222247 0.59999999999999998
46873.139708113522 44584.119106282989 0.59999999999999998
46923.121558924388 44670.690211343725 0.59999999999999998
46973.103409735253 44757.261316404474 0.59999999999999998
47023.085260546119 44843.832421465224 0.59999999999999998
47073.067111356984 44930.403526525959 0.59999999999999998
47123.048962167843 45016.974631586701 0.59999999999999998
47173.030812978708 45103.545736647451 0.59999999999999998
47223.012663789574 45190.116841708194 0.59999999999999998
47272.994514600432 45276.687946768936 0.59999999999999998
47322.976365411298 45363.259051829678 0.59999999999999998
47372.958216222163 45449.830156890421 0.59999999999999998
47422.940067033029 45536.40126195117 0.59999999999999998
47472.921917843887 45622.972367011906 0.59999999999999998
47522.903768654753 45709.543472072648 0.59999999999999998
47572.885619465618 45796.114577133398 0.59999999999999998
47622.867470276484 45882.68568219414 0.59999999999999998
47672.849321087342 45969.256787254883 0.59999999999999998
47722.831171898208 46055.827892315625 0.59999999999999998
47772.813022709073 46142.398997376375 0.59999999999999998
47822.794873519932 46228.970102437117 0.59999999999999998
47872.776724330797 46315.541207497852 0.59999999999999998
47922.758575141663 46402.112312558602 0.59999999999999998
47972.740425952528 46488.683417619352 0.59999999999999998
48022.722276763394 46575.254522680087 0.59999999999999998
48072.704127574252 46661.825627740829 0.59999999999999998
48122.685978385118 46748.396732801579 0.59999999999999998
48172.667829195983 46834.967837862321 0.59999999999999998
48222.649680006842 46921.538942923064 0.59999999999999998
48272.631530817707 47008.110047983806 0.59999999999999998
48322.613381628573 47094.681153044548 0.59999999999999998
48372.595232439438 47181.252258105298 0.59999999999999998
48422.577083250304 47267.823363166041 0.59999999999999998
48472.558934061162 47354.394468226776 0.59999999999999998
48522.540784872028 47440.965573287525 0.59999999999999998
48572.522635682893 47527.536678348275 0.59999999999999998
48622.504486493752 47614.10778340901 0.59999999999999998
48672.486337304617 47700.678888469753 0.59999999999999998
48722.468188115483 47787.249993530502 0.59999999999999998
48772.450038926348 47873.821098591245 0.59999999999999998
48822.431889737214 47960.392203651987 0.59999999999999998
48872.413740548072 48046.963308712729 0.59999999999999998
48922.395591358938 48133.534413773479 0.59999999999999998
48972.377442169804 48220.105518834222 0.59999999999999998
49022.359292980662 48306.676623894964 0.59999999999999998
49072.341143791527 48393.247728955706 0.59999999999999998
49122.322994602393 48479.818834016449 0.59999999999999998
49172.304845413259 48566.389939077199 0.59999999999999998
49222.286696224124 48652.961044137941 0.59999999999999998
49272.268547034982 48739.532149198676 0.59999999999999998
49322.250397845848 48826.103254259426 0.59999999999999998
49372.232248656714 48912.674359320175 0.59999999999999998
49422.214099467572 48999.245464380911 0.59999999999999998
49472.195950278438 49085.816569441653 0.59999999999999998
49522.177801089303 49172.387674502403 0.59999999999999998
49572.159651900169 49258.958779563145 0.59999999999999998
49622.141502711034 49345.529884623887 0.59999999999999998
49672.123353521893 49432.10098968463 0.59999999999999998
49722.105204332758 49518.672094745372 0.59999999999999998
49772.087055143624 49605.243199806122 0.59999999999999998
49822.068905954482 49691.814304866864 0.59999999999999998
49872.050756765348 49778.385409927607 0.59999999999999998
49922.032607576213 49864.956514988349 0.59999999999999998
49972.014458387079 49951.527620049099 0.59999999999999998
50021.996309197944 50038.098725109834 0.59999999999999998
50071.978160008803 50124.669830170576 0.59999999999999998
50121.960010819668 50211.240935231326 0.59999999999999998
50171.941861630534 50297.812040292069 0.59999999999999998
50221.923712441392 50384.383145352811 0.59999999999999998
50271.905563252258 50470.954250413553 0.59999999999999998
50321.887414063123 50557.525355474303 0.59999999999999998
50371.869264873989 50644.096460535045 0.59999999999999998
50421.851115684854 50730.667565595788 0.59999999999999998
50471.832966495713 50817.23867065653 0.59999999999999998
50521.814817306578 50903.809775717273 0.59999999999999998
50571.796668117444 50990.380880778022 0.59999999999999998
50621.778518928302 51076.951985838765 0.59999999999999998
50671.760369739168 51163.5230908995 0.59999999999999998
50721.742220550033 51250.09419596025 0.59999999999999998
50771.724071360899 51336.665301020999 0.59999999999999998
50821.705922171765 51423.236406081734 0.59999999999999998
50871.687772982623 51509.807511142477 0.59999999999999998
50921.669623793488 51596.378616203227 0.59999999999999998
50971.651474604354 51682.949721263969 0.59999999999999998
51021.633325415212 51769.520826324711 0.59999999999999998
51071.615176226078 51856.091931385454 0.59999999999999998
51121.597027036943 51942.663036446196 0.59999999999999998
51171.578877847809 52029.234141506946 0.59999999999999998
51221.560728658675 52115.805246567688 0.59999999999999998
51271.542579469533 52202.376351628431 0.59999999999999998
51321.524430280399 52288.947456689173 0.59999999999999998
51371.506281091264 52375.518561749923 0.59999999999999998
51421.488131902122 52462.089666810665 0.59999999999999998
51471.469982712988 52548.6607718714 0.59999999999999998
51521.451833523854 52635.23187693215 0.59999999999999998
51571.433684334719 52721.802981992892 0.59999999999999998
51621.415535145585 52808.374087053635 0.59999999999999998
51671.397385956443 52894.945192114377 0.59999999999999998
51721.379236767309 52981.516297175127 0.59999999999999998
51771.361087578174 53068.087402235862 0.59999999999999998
51821.342938389032 53154.658507296605 0.59999999999999998
51871.324789199898 53241.229612357354 0.59999999999999998
51921.306640010764 53327.800717418097 0.59999999999999998
51971.288490821622 53414.371822478839 0.59999999999999998
52021.270341632488 53500.942927539581 0.59999999999999998
52071.252192443353 53587.514032600324 0.59999999999999998
52121.234043254219 53674.085137661074 0.59999999999999998
52171.215894065084 53760.656242721816 0.59999999999999998
52221.197744875943 53847.227347782558 0.59999999999999998
52271.179595686808 53933.798452843301 0.59999999999999998
52321.161446497674 54020.36955790405 0.59999999999999998
52371.143297308532 54106.940662964786 0.59999999999999998
52421.125148119398 54193.511768025528 0.59999999999999998
52471.106998930263 54280.082873086278 0.59999999999999998
52521.088849741129 54366.65397814702 0.59999999999999998
52571.070700551994 54453.225083207763 0.59999999999999998
52621.052551362853 54539.796188268505 0.59999999999999998
52671.034402173718 54626.367293329255 0.59999999999999998
52721.016252984584 54712.938398389997 0.59999999999999998
52770.998103795442 54799.509503450739 0.59999999999999998
52820.979954606308 54886.080608511482 0.59999999999999998
52870.961805417173 54972.651713572224 0.59999999999999998
52920.943656228039 55059.222818632974 0.59999999999999998
52970.925507038904 55145.793923693716 0.59999999999999998
53020.907357849763 55232.365028754451 0.59999999999999998
53070.889208660628 55318.936133815201 0.59999999999999998
53120.871059471494 55405.507238875951 0.59999999999999998
53170.852910282352 55492.078343936686 0.59999999999999998
53220.834761093218 55578.649448997428 0.59999999999999998
53270.816611904083 55665.220554058178 0.59999999999999998
53320.798462714949 55751.791659118921 0.59999999999999998
53370.780313525815 55838.362764179663 0.59999999999999998
53420.762164336673 55924.933869240405 0.59999999999999998
53470.744015147538 56011.504974301148 0.59999999999999998
53520.725865958404 56098.076079361897 0.59999999999999998
53570.707716769262 56184.64718442264 0.59999999999999998
53620.689567580128 56271.218289483382 0.59999999999999998
53670.671418390993 56357.789394544125 0.59999999999999998
53720.653269201859 56444.360499604874 0.59999999999999998
53770.635120012725 56530.931604665617 0.59999999999999998
53820.616970823583 56617.502709726352 0.59999999999999998
53870.598821634449 56704.073814787102 0.59999999999999998
53920.580672445314 56790.644919847844 0.59999999999999998
53970.562523256172 56877.216024908586 0.59999999999999998
54020.544374067038 56963.787129969329 0.59999999999999998
54070.526224877904 57050.358235030079 0.59999999999999998
54120.508075688769 57136.929340090821 0.59999999999999998
54170.489926499635 57223.500445151563 0.59999999999999998
54220.471777310493 57310.071550212306 0.59999999999999998
54270.453628121359 57396.642655273048 0.59999999999999998
54320.435478932224 57483.213760333798 0.59999999999999998
54370.417329743083 57569.78486539454 0.59999999999999998
54420.399180553948 57656.355970455275 0.59999999999999998
54470.381031364814 57742.927075516025 0.59999999999999998
54520.362882175679 57829.498180576775 0.59999999999999998
54570.344732986545 57916.06928563751 0.59999999999999998
54620.326583797403 58002.640390698252 0.59999999999999998
54670.308434608269 58089.211495759002 0.59999999999999998
54720.290285419134 58175.782600819744 0.59999999999999998
54770.272136229993 58262.353705880487 0.59999999999999998
54820.253987040858 58348.924810941229 0.59999999999999998
54870.235837851724 58435.495916001972 0.59999999999999998
54920.217688662582 58522.067021062714 0.59999999999999998
54970.199539473455 58608.638126123464 0.59999999999999998
55020.181390284313 58695.209231184206 0.59999999999999998
55070.163241095179 58781.780336244949 0.59999999999999998
55120.145091906044 58868.351441305691 0.59999999999999998
55170.126942716903 58954.922546366441 0.59999999999999998
55220.108793527768 59041.493651427176 0.59999999999999998
55270.090644338634 59128.064756487925 0.59999999999999998
55320.072495149492 59214.635861548668 0.59999999999999998
55370.054345960365 59301.20696660941 0.59999999999999998
55420.036196771223 59387.778071670153 0.59999999999999998
55470.018047582089 59474.349176730902 0.59999999999999998
55519.999898392954 59560.920281791638 0.59999999999999998
55569.981749203813 59647.491386852387 0.59999999999999998
55619.963600014678 59734.06249191313 0.59999999999999998
55669.945450825544 59820.633596973872 0.59999999999999998
55719.927301636402 59907.204702034614 0.59999999999999998
55769.909152447275 59993.775807095364 0.59999999999999998
55819.891003258133 60080.346912156099 0.59999999999999998
55869.872854068999 60166.918017216849 0.59999999999999998
55919.854704879865 60253.489122277591 0.59999999999999998
55969.836555690723 60340.060227338334 0.59999999999999998
56019.818406501588 60426.631332399076 0.59999999999999998
56069.800257312454 60513.202437459826 0.59999999999999998
56119.782108123312 60599.773542520568 0.59999999999999998
56169.763958934185 60686.344647581311 0.59999999999999998
56219.745809745044 60772.915752642053 0.59999999999999998
56269.727660555909 60859.486857702796 0.59999999999999998
56319.709511366775 60946.057962763538 0.59999999999999998
56369.691362177633 61032.629067824288 0.59999999999999998
56419.673212988499 61119.20017288503 0.59999999999999998
56469.655063799364 61205.771277945772 0.59999999999999998
56519.636914610222 61292.342383006515 0.59999999999999998
56569.618765421095 61378.913488067265 0.59999999999999998
56619.600616231954 61465.484593128 0.59999999999999998
56669.582467042819 61552.055698188749 0.59999999999999998
56719.564317853685 61638.626803249492 0.59999999999999998
56769.546168664543 61725.197908310234 0.59999999999999998
56819.528019475409 61811.769013370977 0.59999999999999998
56869.509870286274 61898.340118431726 0.59999999999999998
56919.491721097133 61984.911223492461 0.59999999999999998
56969.473571908005 62071.482328553211 0.59999999999999998
57019.455422718864 62158.053433613954 0.59999999999999998
57069.437273529729 62244.624538674696 0.59999999999999998
57119.419124340595 62331.195643735438 0.59999999999999998
57169.400975151453 62417.766748796181 0.59999999999999998
57219.382825962319 62504.337853856923 0.59999999999999998
57269.364676773184 62590.908958917673 0.59999999999999998
57319.346527584043 62677.480063978415 0.59999999999999998
57369.328378394908 62764.051169039158 0.59999999999999998
57419.310229205774 62850.6222740999 0.59999999999999998
57469.292080016639 62937.19337916065 0.59999999999999998
57519.273930827505 63023.764484221392 0.59999999999999998
57569.255781638363 63110.335589282127 0.59999999999999998
57619.237632449229 63196.906694342877 0.59999999999999998
57669.219483260094 63283.477799403627 0.59999999999999998
57719.201334070953 63370.048904464362 0.59999999999999998
57769.183184881818 63456.620009525104 0.59999999999999998
57819.165035692684 63543.191114585854 0.59999999999999998
57869.146886503549 63629.762219646596 0.59999999999999998
57919.128737314415 63716.333324707339 0.59999999999999998
57969.110588125273 63802.904429768081 0.59999999999999998
58019.092438936139 63889.475534828824 0.59999999999999998
58069.074289747005 63976.046639889573 0.59999999999999998
58119.056140557863 64062.617744950316 0.59999999999999998
58169.037991368728 64149.188850011051 0.59999999999999998
58219.019842179594 64235.759955071801 0.59999999999999998
58269.00169299046 64322.33106013255 0.59999999999999998
58318.983543801325 64408.902165193285 0.59999999999999998
58368.965394612183 64495.473270254028 0.59999999999999998
58418.947245423049 64582.044375314777 0.59999999999999998
58468.929096233915 64668.61548037552 0.59999999999999998
58518.910947044773 64755.186585436262 0.59999999999999998
58568.892797855638 64841.757690497005 0.59999999999999998
58618.874648666504 64928.328795557747 0.59999999999999998
58668.856499477362 65014.899900618489 0.59999999999999998
58718.838350288235 65101.471005679239 0.59999999999999998
58768.820201099094 65188.042110739982 0.59999999999999998
58818.802051909959 65274.613215800724 0.59999999999999998
58868.783902720825 65361.184320861466 0.59999999999999998
58918.765753531683 65447.755425922216 0.59999999999999998
58968.747604342549 65534.326530982951 0.59999999999999998
59018.729455153414 65620.897636043694 0.59999999999999998
59068.711305964272 65707.468741104443 0.59999999999999998
59118.693156775145 65794.039846165193 0.59999999999999998
59168.675007586004 65880.610951225928 0.59999999999999998
59218.656858396869 65967.182056286678 0.59999999999999998
59268.638709207735 66053.753161347413 0.59999999999999998
59318.620560018593 66140.324266408163 0.59999999999999998
59368.602410829459 66226.895371468912 0.59999999999999998
59418.584261640324 66313.466476529647 0.59999999999999998
59468.566112451183 66400.037581590383 0.59999999999999998
59518.547963262055 66486.608686651132 0.59999999999999998
59568.529814072914 66573.179791711882 0.59999999999999998
59618.511664883779 66659.750896772632 0.59999999999999998
59668.493515694645 66746.322001833367 0.59999999999999998
59718.475366505503 66832.893106894102 0.59999999999999998
59768.457217316369 66919.464211954852 0.59999999999999998
59818.439068127234 67006.035317015601 0.59999999999999998
59868.420918938093 67092.606422076351 0.59999999999999998
59918.402769748966 67179.177527137086 0.59999999999999998
59968.384620559824 67265.748632197821 0.59999999999999998
60018.366471370689 67352.319737258571 0.59999999999999998
60068.348322181555 67438.890842319321 0.59999999999999998
60118.330172992413 67525.46194738007 0.59999999999999998
60168.312023803279 67612.033052440805 0.59999999999999998
60218.293874614144 67698.604157501541 0.59999999999999998
60268.275725425003 67785.17526256229 0.59999999999999998
60318.257576235876 67871.74636762304 0.59999999999999998
60368.239427046734 67958.317472683775 0.59999999999999998
60418.221277857599 68044.888577744525 0.59999999999999998
60468.203128668465 68131.45968280526 0.59999999999999998
60518.184979479323 68218.03078786601 0.59999999999999998
60568.166830290189 68304.601892926759 0.59999999999999998
60618.148681101055 68391.172997987494 0.59999999999999998
60668.130531911913 68477.744103048244 0.59999999999999998
60718.112382722786 68564.315208108979 0.59999999999999998
60768.094233533644 68650.886313169729 0.59999999999999998
60818.07608434451 68737.457418230479 0.59999999999999998
60868.057935155375 68824.028523291214 0.59999999999999998
60918.039785966233 68910.599628351963 0.59999999999999998
60968.021636777099 68997.170733412699 0.59999999999999998
61018.003487587965 69083.741838473448 0.59999999999999998
61067.985338398823 69170.312943534198 0.59999999999999998
61117.967189209696 69256.884048594933 0.59999999999999998
61167.949040020554 69343.455153655668 0.59999999999999998
61217.93089083142 69430.026258716418 0.59999999999999998
61267.912741642285 69516.597363777168 0.59999999999999998
61317.894592453144 69603.168468837917 0.59999999999999998
61367.876443264009 69689.739573898652 0.59999999999999998
61417.858294074875 69776.310678959402 0.59999999999999998
61467.840144885733 69862.881784020137 0.59999999999999998
61517.821995696606 69949.452889080887 0.59999999999999998
61567.803846507464 70036.023994141622 0.59999999999999998
61617.78569731833 70122.595099202372 0.59999999999999998
61667.767548129195 70209.166204263107 0.59999999999999998
61717.749398940054 70295.737309323857 0.59999999999999998
61767.731249750919 70382.308414384606 0.59999999999999998
61817.713100561785 70468.879519445356 0.59999999999999998
61867.694951372643 70555.450624506091 0.59999999999999998
61917.676802183516 70642.021729566841 0.59999999999999998
61967.658652994374 70728.592834627576 0.59999999999999998
62017.64050380524 70815.163939688326 0.59999999999999998
62067.622354616105 70901.735044749061 0.59999999999999998
62117.604205426964 70988.30614980981 0.59999999999999998
62167.586056237829 71074.877254870546 0.59999999999999998
62217.567907048695 71161.448359931295 0.59999999999999998
62267.549757859553 71248.019464992045 0.59999999999999998
62317.531608670426 71334.590570052795 0.59999999999999998
62367.513459481284 71421.16167511353 0.59999999999999998
62417.513459481284 71507.764215491974 0.59999999999999998
62467.513459481284 71594.366755870418 0.59999999999999998
62517.513459481284 71680.969296248863 0.59999999999999998
62567.513459481284 71767.571836627307 0.59999999999999998
62617.513459481284 71854.174377005751 0.59999999999999998
62667.513459481284 71940.776917384181 0.59999999999999998
62717.513459481284 72027.37945776264 0.59999999999999998
62767.513459481284 72113.981998141069 0.59999999999999998
62817.513459481284 72200.584538519528 0.59999999999999998
62867.513459481284 72287.187078897958 0.59999999999999998
62917.513459481284 72373.789619276416 0.59999999999999998
62967.513459481284 72460.392159654846 0.59999999999999998
63017.513459481284 72546.994700033305 0.59999999999999998
63067.513459481284 72633.597240411735 0.59999999999999998
63117.513459481284 72720.199780790179 0.59999999999999998
63167.513459481284 72806.802321168623 0.59999999999999998
63217.513459481284 72893.404861547067 0.59999999999999998
63267.513459481284 72980.007401925512 0.59999999999999998
63317.513459481284 73066.609942303956 0.59999999999999998
63367.513459481284 73153.2124826824 0.59999999999999998
63417.513459481284 73239.815023060844 0.59999999999999998
63467.513459481284 73326.417563439289 0.59999999999999998
63517.513459481284 73413.020103817733 0.59999999999999998
63567.513459481284 73499.622644196177 0.59999999999999998
63617.513459481284 73586.225184574621 0.59999999999999998
63667.513459481284 73672.827724953066 0.59999999999999998
63717.513459481284 73759.43026533151 0.59999999999999998
63767.513459481284 73846.032805709954 0.59999999999999998
63817.513459481284 73932.635346088398 0.59999999999999998
63867.513459481284 74019.237886466843 0.59999999999999998
63917.513459481284 74105.840426845287 0.59999999999999998
63967.513459481284 74192.442967223731 0.59999999999999998
64017.513459481284 74279.045507602175 0.59999999999999998
64067.513459481284 74365.64804798062 0.59999999999999998
64117.513459481284 74452.250588359064 0.59999999999999998
64167.513459481284 74538.853128737508 0.59999999999999998
64217.513459481284 74625.455669115952 0.59999999999999998
64267.513459481284 74712.058209494397 0.59999999999999998
64317.513459481284 74798.660749872841 0.59999999999999998
64367.513459481284 74885.263290251285 0.59999999999999998
64417.513459481284 74971.865830629729 0.59999999999999998
64467.513459481284 75058.468371008174 0.59999999999999998
64517.513459481284 75145.070911386603 0.59999999999999998
64567.513459481284 75231.673451765062 0.59999999999999998
64617.513459481284 75318.275992143492 0.59999999999999998
64667.513459481284 75404.878532521951 0.59999999999999998
64717.513459481284 75491.48107290038 0.59999999999999998
64767.513459481284 75578.083613278839 0.59999999999999998
64817.513459481284 75664.686153657269 0.59999999999999998
64867.513459481284 75751.288694035728 0.59999999999999998
64917.513459481284 75837.891234414157 0.59999999999999998
64967.513459481284 75924.493774792616 0.59999999999999998
65017.513459481284 76011.096315171046 0.59999999999999998
65067.513459481284 76097.69885554949 0.59999999999999998
65117.513459481284 76184.301395927934 0.59999999999999998
65167.513459481284 76270.903936306378 0.59999999999999998
65217.513459481284 76357.506476684823 0.59999999999999998
65267.513459481284 76444.109017063267 0.59999999999999998
65317.513459481284 76530.711557441711 0.59999999999999998
65367.513459481284 76617.314097820155 0.59999999999999998
65417.513459481284 76703.9166381986 0.59999999999999998
65467.513459481284 76790.519178577044 0.59999999999999998
65517.513459481284 76877.121718955488 0.59999999999999998
65567.513459481284 76963.724259333932 0.59999999999999998
65617.513459481284 77050.326799712377 0.59999999999999998
65667.513459481284 77136.929340090821 0.59999999999999998
65717.513459481284 77223.531880469265 0.59999999999999998
65767.513459481284 77310.134420847709 0.59999999999999998
65817.513459481284 77396.736961226154 0.59999999999999998
65867.513459481284 77483.339501604598 0.59999999999999998
65917.513459481284 77569.942041983042 0.59999999999999998
65967.513459481284 77656.544582361486 0.59999999999999998
66017.513459481284 77743.147122739931 0.59999999999999998
66067.513459481284 77829.749663118375 0.59999999999999998
66117.513459481284 77916.352203496819 0.59999999999999998
66167.513459481284 78002.954743875263 0.59999999999999998
66217.513459481284 78089.557284253708 0.59999999999999998
66267.513459481284 78176.159824632152 0.59999999999999998
66317.513459481284 78262.762365010596 0.59999999999999998
66367.513459481284 78349.36490538904 0.59999999999999998
66417.513459481284 78435.967445767485 0.59999999999999998
66467.513459481284 78522.569986145914 0.59999999999999998
66517.513459481284 78609.172526524373 0.59999999999999998
66567.513459481284 78695.775066902803 0.59999999999999998
66617.513459481284 78782.377607281262 0.59999999999999998
66667.513459481284 78868.980147659691 0.59999999999999998
66717.513459481284 78955.58268803815 0.59999999999999998
66767.513459481284 79042.18522841658 0.59999999999999998
66817.513459481284 79128.787768795039 0.59999999999999998
66867.513459481284 79215.390309173468 0.59999999999999998
66917.513459481284 79301.992849551913 0.59999999999999998
66967.513459481284 79388.595389930357 0.59999999999999998
67017.513459481284 79475.197930308801 0.59999999999999998
67067.513459481284 79561.800470687245 0.59999999999999998
67117.513459481284 79648.403011065689 0.59999999999999998
67167.513459481284 79735.005551444134 0.59999999999999998
67217.513459481284 79821.608091822578 0.59999999999999998
67267.513459481284 79908.210632201022 0.59999999999999998
67317.513459481284 79994.813172579466 0.59999999999999998
67367.513459481284 80081.415712957911 0.59999999999999998
67417.513459481284 80168.018253336355 0.59999999999999998
67467.513459481284 80254.620793714799 0.59999999999999998
67517.513459481284 80341.223334093243 0.59999999999999998
67567.513459481284 80427.825874471688 0.59999999999999998
67617.513459481284 80514.428414850132 0.59999999999999998
67667.513459481284 80601.030955228576 0.59999999999999998
67717.513459481284 80687.63349560702 0.59999999999999998
67767.513459481284 80774.236035985465 0.59999999999999998
67817.513459481284 80860.838576363909 0.59999999999999998
67867.513459481284 80947.441116742353 0.59999999999999998
67917.513459481284 81034.043657120797 0.59999999999999998
67967.513459481284 81120.646197499242 0.59999999999999998
68017.513459481284 81207.248737877686 0.59999999999999998
68067.513459481284 81293.85127825613 0.59999999999999998
68117.513459481284 81380.453818634574 0.59999999999999998
68167.513459481284 81467.056359013019 0.59999999999999998
68217.513459481284 81553.658899391463 0.59999999999999998
68267.513459481284 81640.261439769907 0.59999999999999998
68317.513459481284 81726.863980148337 0.59999999999999998
68367.513459481284 81813.466520526796 0.59999999999999998
68417.513459481284 81900.069060905225 0.59999999999999998
68467.513459481284 81986.671601283684 0.59999999999999998
68517.513459481284 82073.274141662114 0.59999999999999998
68567.513459481284 82159.876682040573 0.59999999999999998
68617.513459481284 82246.479222419002 0.59999999999999998
68667.513459481284 82333.081762797461 0.59999999999999998
68717.513459481284 82419.684303175891 0.59999999999999998
68767.513459481284 82506.286843554335 0.59999999999999998
68817.513459481284 82592.889383932779 0.59999999999999998
68867.513459481284 82679.491924311224 0.59999999999999998
68917.513459481284 82766.094464689668 0.59999999999999998
68967.513459481284 82852.697005068112 0.59999999999999998
69017.513459481284 82939.299545446556 0.59999999999999998
69067.513459481284 83025.902085825001 0.59999999999999998
69117.513459481284 83112.504626203445 0.59999999999999998
69167.513459481284 83199.107166581889 0.59999999999999998
69217.513459481284 83285.709706960333 0.59999999999999998
69267.513459481284 83372.312247338778 0.59999999999999998
69317.513459481284 83458.914787717222 0.59999999999999998
69367.513459481284 83545.517328095666 0.59999999999999998
69417.513459481284 83632.11986847411 0.59999999999999998
69467.513459481284 83718.722408852555 0.59999999999999998
69517.513459481284 83805.324949230999 0.59999999999999998
69567.513459481284 83891.927489609443 0.59999999999999998
69617.513459481284 83978.530029987887 0.59999999999999998
69667.513459481284 84065.132570366331 0.59999999999999998
69717.513459481284 84151.735110744776 0.59999999999999998
69767.513459481284 84238.33765112322 0.59999999999999998
69817.513459481284 84324.940191501664 0.59999999999999998
69867.513459481284 84411.542731880108 0.59999999999999998
69917.513459481284 84498.145272258553 0.59999999999999998
69967.513459481284 84584.747812636997 0.59999999999999998
70017.513459481284 84671.350353015441 0.59999999999999998
70067.513459481284 84757.952893393885 0.59999999999999998
70117.513459481284 84844.55543377233 0.59999999999999998
70167.513459481284 84931.157974150774 0.59999999999999998
70217.513459481284 85017.760514529218 0.59999999999999998
70267.513459481284 85104.363054907662 0.59999999999999998
70317.513459481284 85190.965595286107 0.59999999999999998
70367.513459481284 85277.568135664536 0.59999999999999998
70417.513459481284 85364.170676042995 0.59999999999999998
70467.513459481284 85450.773216421425 0.59999999999999998
70517.513459481284 85537.375756799869 0.59999999999999998
70567.513459481284 85623.978297178313 0.59999999999999998
70617.513459481284 85710.580837556758 0.59999999999999998
70667.513459481284 85797.183377935202 0.59999999999999998
70717.513459481284 85883.785918313646 0.59999999999999998
70767.513459481284 85970.38845869209 0.59999999999999998
70817.513459481284 86056.990999070535 0.59999999999999998
70867.513459481284 86143.593539448979 0.59999999999999998
70917.513459481284 86230.196079827423 0.59999999999999998
70967.513459481284 86316.798620205867 0.59999999999999998
71017.513459481284 86403.401160584312 0.59999999999999998
71067.513459481284 86490.003700962756 0.59999999999999998
71117.513459481284 86576.6062413412 0.59999999999999998
71167.513459481284 86663.208781719644 0.59999999999999998
71217.513459481284 86749.811322098089 0.59999999999999998
71267.513459481284 86836.413862476533 0.59999999999999998
71317.513459481284 86923.016402854977 0.59999999999999998
71367.513459481284 87009.618943233421 0.59999999999999998
71417.513459481284 87096.221483611866 0.59999999999999998
71467.513459481284 87182.82402399031 0.59999999999999998
71517.513459481284 87269.426564368754 0.59999999999999998
71567.513459481284 87356.029104747198 0.59999999999999998
71617.513459481284 87442.631645125643 0.59999999999999998
71667.513459481284 87529.234185504087 0.59999999999999998
71717.513459481284 87615.836725882531 0.59999999999999998
71767.513459481284 87702.439266260975 0.59999999999999998
71817.513459481284 87789.04180663942 0.59999999999999998
71867.513459481284 87875.644347017864 0.59999999999999998
71917.513459481284 87962.246887396308 0.59999999999999998
71967.513459481284 88048.849427774752 0.59999999999999998
72017.513459481284 88135.451968153197 0.59999999999999998
72067.513459481284 88222.054508531641 0.59999999999999998
72117.513459481284 88308.657048910085 0.59999999999999998
72167.513459481284 88395.259589288529 0.59999999999999998
72217.513459481284 88481.862129666959 0.59999999999999998
72267.513459481284 88568.464670045418 0.59999999999999998
72317.513459481284 88655.067210423847 0.59999999999999998
72367.513459481284 88741.669750802306 0.59999999999999998
72417.513459481284 88828.272291180736 0.59999999999999998
72467.513459481284 88914.87483155918 0.59999999999999998
72517.513459481284 89001.477371937624 0.59999999999999998
72567.513459481284 89088.079912316069 0.59999999999999998
72617.513459481284 89174.682452694513 0.59999999999999998
72667.513459481284 89261.284993072957 0.59999999999999998
72717.513459481284 89347.887533451401 0.59999999999999998
72767.513459481284 89434.490073829846 0.59999999999999998
72817.513459481284 89521.09261420829 0.59999999999999998
72867.513459481284 89607.695154586734 0.59999999999999998
72917.513459481284 89694.297694965178 0.59999999999999998
72967.513459481284 89780.900235343623 0.59999999999999998
73017.513459481284 89867.502775722067 0.59999999999999998
73067.513459481284 89954.105316100511 0.59999999999999998
73117.513459481284 90040.707856478955 0.59999999999999998
73167.513459481284 90127.3103968574 0.59999999999999998
73217.513459481284 90213.912937235844 0.59999999999999998
73267.513459481284 90300.515477614288 0.59999999999999998
73317.513459481284 90387.118017992732 0.59999999999999998
73367.513459481284 90473.720558371177 0.59999999999999998
73417.513459481284 90560.323098749621 0.59999999999999998
73467.513459481284 90646.925639128065 0.59999999999999998
73517.513459481284 90733.528179506509 0.59999999999999998
73567.513459481284 90820.130719884954 0.59999999999999998
73617.513459481284 90906.733260263398 0.59999999999999998
73667.513459481284 90993.335800641842 0.59999999999999998
73717.513459481284 91079.938341020286 0.59999999999999998
73767.513459481284 91166.540881398731 0.59999999999999998
73817.513459481284 91253.143421777175 0.59999999999999998
73867.513459481284 91339.745962155619 0.59999999999999998
73917.513459481284 91426.348502534063 0.59999999999999998
73967.513459481284 91512.951042912508 0.59999999999999998
74017.513459481284 91599.553583290952 0.59999999999999998
74067.513459481284 91686.156123669381 0.59999999999999998
74117.513459481284 91772.75866404784 0.59999999999999998
74167.513459481284 91859.36120442627 0.59999999999999998
74217.513459481284 91945.963744804729 0.59999999999999998
74267.513459481284 92032.566285183158 0.59999999999999998
74317.513459481284 92119.168825561603 0.59999999999999998
74367.513459481284 92205.771365940047 0.59999999999999998
74417.513459481284 92292.373906318491 0.59999999999999998
74467.513459481284 92378.976446696935 0.59999999999999998
74517.513459481284 92465.57898707538 0.59999999999999998
74567.513459481284 92552.181527453824 0.59999999999999998
74617.513459481284 92638.784067832268 0.59999999999999998
74667.513459481284 92725.386608210712 0.59999999999999998
74717.513459481284 92811.989148589157 0.59999999999999998
74767.513459481284 92898.591688967601 0.59999999999999998
74817.513459481284 92985.194229346045 0.59999999999999998
74867.513459481284 93071.796769724489 0.59999999999999998
74917.513459481284 93158.399310102934 0.59999999999999998
74967.513459481284 93245.001850481378 0.59999999999999998
75017.513459481284 93331.604390859822 0.59999999999999998
75067.513459481284 93418.206931238266 0.59999999999999998
75117.513459481284 93504.809471616711 0.59999999999999998
75167.513459481284 93591.412011995155 0.59999999999999998
75217.513459481284 93678.014552373599 0.59999999999999998
75267.513459481284 93764.617092752043 0.59999999999999998
75317.513459481284 93851.219633130488 0.59999999999999998
75367.513459481284 93937.822173508932 0.59999999999999998
75417.513459481284 94024.424713887376 0.59999999999999998
75467.513459481284 94111.02725426582 0.59999999999999998
75517.513459481284 94197.629794644265 0.59999999999999998
75567.513459481284 94284.232335022709 0.59999999999999998
75617.513459481284 94370.834875401153 0.59999999999999998
75667.513459481284 94457.437415779597 0.59999999999999998
75717.513459481284 94544.039956158042 0.59999999999999998
75767.513459481284 94630.642496536486 0.59999999999999998
75817.513459481284 94717.24503691493 0.59999999999999998
75867.513459481284 94803.847577293374 0.59999999999999998
75917.513459481284 94890.450117671819 0.59999999999999998
75967.513459481284 94977.052658050263 0.59999999999999998
76017.513459481284 95063.655198428693 0.59999999999999998
76067.513459481284 95150.257738807151 0.59999999999999998
76117.513459481284 95236.860279185581 0.59999999999999998
76167.513459481284 95323.462819564025 0.59999999999999998
76217.513459481284 95410.06535994247 0.59999999999999998
76267.513459481284 95496.667900320914 0.59999999999999998
76317.513459481284 95583.270440699358 0.59999999999999998
76367.513459481284 95669.872981077802 0.59999999999999998
76417.513459481284 95756.475521456246 0.59999999999999998
76467.513459481284 95843.078061834691 0.59999999999999998
76517.513459481284 95929.680602213135 0.59999999999999998
76567.513459481284 96016.283142591579 0.59999999999999998
76617.513459481284 96102.885682970023 0.59999999999999998
76667.513459481284 96189.488223348468 0.59999999999999998
76717.513459481284 96276.090763726912 0.59999999999999998
76767.513459481284 96362.693304105356 0.59999999999999998
76817.513459481284 96449.2958444838 0.59999999999999998
76867.513459481284 96535.898384862245 0.59999999999999998
76917.513459481284 96622.500925240689 0.59999999999999998
76967.513459481284 96709.103465619133 0.59999999999999998
77017.513459481284 96795.706005997577 0.59999999999999998
77067.513459481284 96882.308546376022 0.59999999999999998
77117.513459481284 96968.911086754466 0.59999999999999998
77167.513459481284 97055.51362713291 0.59999999999999998
77217.513459481284 97142.116167511354 0.59999999999999998
77267.513459481284 97228.718707889799 0.59999999999999998
77317.513459481284 97315.321248268243 0.59999999999999998
77367.513459481284 97401.923788646687 0.59999999999999998
77417.513459481284 97488.526329025131 0.59999999999999998
77467.513459481284 97575.128869403576 0.59999999999999998
77517.513459481284 97661.73140978202 0.59999999999999998
77567.513459481284 97748.333950160464 0.59999999999999998
77617.513459481284 97834.936490538908 0.59999999999999998
77667.513459481284 97921.539030917353 0.59999999999999998
77717.513459481284 98008.141571295797 0.59999999999999998
77767.513459481284 98094.744111674241 0.59999999999999998
77817.513459481284 98181.346652052685 0.59999999999999998
77867.513459481284 98267.94919243113 0.59999999999999998
77917.513459481284 98354.551732809574 0.59999999999999998
77967.513459481284 98441.154273188004 0.59999999999999998
78017.513459481284 98527.756813566448 0.59999999999999998
78067.513459481284 98614.359353944892 0.59999999999999998
78117.513459481284 98700.961894323336 0.59999999999999998
78167.513459481284 98787.564434701781 0.59999999999999998
78217.513459481284 98874.166975080225 0.59999999999999998
78267.513459481284 98960.769515458669 0.59999999999999998
78317.513459481284 99047.372055837113 0.59999999999999998
78367.513459481284 99133.974596215558 0.59999999999999998
78417.513459481284 99220.577136594002 0.59999999999999998
78467.513459481284 99307.179676972446 0.59999999999999998
78517.513459481284 99393.78221735089 0.59999999999999998
78567.513459481284 99480.384757729335 0.59999999999999998
78617.513459481284 99566.987298107779 0.59999999999999998
78667.513459481284 99653.589838486223 0.59999999999999998
78717.513459481284 99740.192378864667 0.59999999999999998
78767.513459481284 99826.794919243112 0.59999999999999998
78817.513459481284 99913.397459621556 0.59999999999999998
78867.513459481284 100000 0.59999999999999998
